*** t = 0
*** t = 1
*** t = 2
*** t = 3
*** t = 4
*** t = 5
*** t = 6
*** t = 7
*** t = 8
*** t = 9
*** t = 10
1.0 1.0 1.0 0.0 0
*** t = 11
1.0 0.8951833457854497 1.0 0.0 0
*** t = 12
1.0 0.7903666915708993 1.0 0.0 0
*** t = 13
1.0 0.685550037356349 1.0 0.0 0
*** t = 14
1.0 0.5807333831417987 1.0 0.0 0
*** t = 15
1.0 0.47591672892724834 1.0 0.0 0
0.0 0.0 1.0 0.0 1
*** t = 16
1.0 0.371100074712698 1.0 0.0 0
0.08046899395466886 0.0 1.0 0.0 1
2.0 0.0 1.0 0.0 2
*** t = 17
1.0 0.2662834204981477 1.0 0.0 0
0.16093798790933772 0.0 1.0 0.0 1
1.8335497237052991 0.0 1.0 0.0 2
*** t = 18
1.0 0.16146676628359735 1.0 0.0 0
0.24140698186400658 0.0 1.0 0.0 1
1.6670994474105982 0.0 1.0 0.0 2
*** t = 19
1.0 0.056650112069047034 1.0 0.0 0
0.32187597581867544 0.0 1.0 0.0 1
1.5006491711158974 0.0 1.0 0.0 2
*** t = 20
0.9518334578544967 0.0 0.0 0.0 0
0.40234496977334433 0.0 1.0 0.0 1
1.3341988948211965 0.0 1.0 0.0 2
1.0 1.0 1.0 0.0 3
*** t = 21
0.8470168036399464 0.0 0.0 0.0 0
0.4828139637280132 0.0 1.0 0.0 1
1.1677486185264956 0.0 1.0 0.0 2
1.0 0.8695450897132132 1.0 0.0 3
*** t = 22
0.742200149425396 0.0 0.0 0.0 0
0.5632829576826821 0.0 1.0 0.0 1
1.0012983422317947 0.0 1.0 0.0 2
1.0 0.7390901794264264 1.0 0.0 3
*** t = 23
0.6373834952108457 0.0 0.0 0.0 0
0.643751951637351 0.0 1.0 0.0 1
0.8348480659370938 0.0 0.0 0.0 2
1.0 0.6086352691396396 1.0 0.0 3
*** t = 24
0.5325668409962954 0.0 0.0 0.0 0
0.7242209455920199 0.0 1.0 0.0 1
0.6683977896423929 0.0 0.0 0.0 2
1.0 0.4781803588528528 1.0 0.0 3
*** t = 25
0.42775018678174503 0.0 0.0 0.0 0
0.8046899395466888 0.0 1.0 0.0 1
0.501947513347692 0.0 0.0 0.0 2
1.0 0.347725448566066 1.0 0.0 3
*** t = 26
0.3229335325671947 0.0 0.0 0.0 0
0.8851589335013577 0.0 1.0 0.0 1
0.33549723705299117 0.0 0.0 0.0 2
1.0 0.21727053827927925 1.0 0.0 3
*** t = 27
0.21811687835264437 0.0 0.0 0.0 0
0.9656279274560265 0.0 1.0 0.0 1
0.16904696075829032 0.0 0.0 0.0 2
1.0 0.08681562799249248 1.0 0.0 3
*** t = 28
0.11330022413809406 0.0 0.0 0.0 0
1.0 0.04609692141069541 1.0 1.0 1
0.0025966844635894604 0.0 0.0 0.0 2
1.0436392822942944 0.0 2.0 0.0 3
*** t = 29
0.008483569923543738 0.0 0.0 0.0 0
1.0 0.12656591536536427 1.0 1.0 1
1.174094192581081 0.0 2.0 0.0 3
*** t = 30
1.0 0.20703490932003313 1.0 1.0 1
1.3045491028678677 0.0 2.0 0.0 3
1.0 1.0 1.0 0.0 4
0.0 0.0 1.0 0.0 5
*** t = 31
1.0 0.287503903274702 1.0 1.0 1
1.4350040131546544 0.0 2.0 0.0 3
1.0 0.886861733238209 1.0 0.0 4
0.1553264624499044 0.0 1.0 0.0 5
*** t = 32
1.0 0.3679728972293709 1.0 1.0 1
1.565458923441441 0.0 2.0 0.0 3
1.0 0.7737234664764181 1.0 0.0 4
0.3106529248998088 0.0 1.0 0.0 5
2.0 0.0 1.0 0.0 6
*** t = 33
1.0 0.44844189118403976 1.0 1.0 1
1.6959138337282278 0.0 2.0 0.0 3
1.0 0.6605851997146271 1.0 0.0 4
0.46597938734971317 0.0 1.0 0.0 5
1.8328001766546123 0.0 1.0 0.0 6
*** t = 34
1.0 0.5289108851387087 1.0 1.0 1
1.8263687440150145 0.0 2.0 0.0 3
1.0 0.5474469329528362 1.0 0.0 4
0.6213058497996176 0.0 1.0 0.0 5
1.6656003533092245 0.0 1.0 0.0 6
*** t = 35
1.0 0.6093798790933775 1.0 1.0 1
1.9568236543018012 0.0 2.0 0.0 3
1.0 0.43430866619104525 1.0 0.0 4
0.776632312249522 0.0 1.0 0.0 5
1.4984005299638368 0.0 1.0 0.0 6
*** t = 36
1.0 0.6898488730480464 1.0 1.0 1
1.0 0.3211703994292543 1.0 0.0 4
0.9319587746994265 0.0 1.0 0.0 5
1.331200706618449 0.0 1.0 0.0 6
*** t = 37
1.0 0.7703178670027153 1.0 1.0 1
1.0 0.20803213266746332 1.0 0.0 4
1.0 0.08728523714933084 1.0 1.0 5
1.1640008832730613 0.0 1.0 0.0 6
*** t = 38
1.0 0.8507868609573842 1.0 1.0 1
1.0 0.09489386590567234 1.0 0.0 4
1.0 0.24261169959923523 1.0 1.0 5
1.0 0.0031989400723263783 1.0 1.0 6
*** t = 39
1.0 0.9312558549120531 1.0 1.0 1
0.9817555991438813 0.0 0.0 0.0 4
1.0 0.3979381620491396 1.0 1.0 5
1.0 0.17039876341771404 1.0 1.0 6
*** t = 40
0.8686173323820904 0.0 0.0 0.0 4
1.0 0.553264624499044 1.0 1.0 5
1.0 0.3375985867631017 1.0 1.0 6
1.0 1.0 1.0 0.0 7
*** t = 41
0.7554790656202994 0.0 0.0 0.0 4
1.0 0.7085910869489485 1.0 1.0 5
1.0 0.5047984101084894 1.0 1.0 6
1.0 0.8663821947464304 1.0 0.0 7
*** t = 42
0.6423407988585085 0.0 0.0 0.0 4
1.0 0.8639175493988529 1.0 1.0 5
1.0 0.671998233453877 1.0 1.0 6
1.0 0.7327643894928608 1.0 0.0 7
*** t = 43
0.5292025320967175 0.0 0.0 0.0 4
1.0 0.8391980567992646 1.0 1.0 6
1.0 0.5991465842392912 1.0 0.0 7
*** t = 44
0.4160642653349266 0.0 0.0 0.0 4
1.0 0.46552877898572165 1.0 0.0 7
*** t = 45
0.3029259985731356 0.0 0.0 0.0 4
1.0 0.33191097373215206 1.0 0.0 7
0.0 0.0 1.0 0.0 8
*** t = 46
0.18978773181134465 0.0 0.0 0.0 4
1.0 0.19829316847858244 1.0 0.0 7
0.0978643121636111 0.0 1.0 0.0 8
*** t = 47
0.07664946504955367 0.0 0.0 0.0 4
1.0 0.06467536322501283 1.0 0.0 7
0.1957286243272222 0.0 1.0 0.0 8
*** t = 48
0.9310575579714432 0.0 0.0 0.0 7
0.2935929364908333 0.0 1.0 0.0 8
2.0 0.0 1.0 0.0 9
*** t = 49
0.7974397527178736 0.0 0.0 0.0 7
0.3914572486544444 0.0 1.0 0.0 8
1.9244324807524695 0.0 1.0 0.0 9
*** t = 50
0.663821947464304 0.0 0.0 0.0 7
0.48932156081805556 0.0 1.0 0.0 8
1.848864961504939 0.0 1.0 0.0 9
1.0 1.0 1.0 0.0 10
