*** t = 0
*** t = 1
*** t = 2
0.0 0.0 0.0 1.0 0
4.0 2.0 4.0 1.0 1
*** t = 3
0.0 0.12050488255609727 0.0 1.0 0
4.0 1.903383999919597 4.0 1.0 1
4.0 0.0 4.0 1.0 2
5.0 1.0 4.0 1.0 3
*** t = 4
0.0 0.24100976511219455 0.0 1.0 0
4.0 1.806767999839194 4.0 1.0 1
4.0 0.13788503386624762 4.0 1.0 2
4.88066984460998 1.0 4.0 1.0 3
0.0 0.0 0.0 1.0 4
4.0 2.0 4.0 1.0 5
*** t = 5
0.0 0.36151464766829183 0.0 1.0 0
4.0 1.7101519997587908 4.0 1.0 1
4.0 0.27577006773249524 4.0 1.0 2
4.761339689219961 1.0 4.0 1.0 3
0.0 0.11882156826074762 0.0 1.0 4
4.0 1.8567148795891373 4.0 1.0 5
0.0 2.0 0.0 1.0 6
*** t = 6
0.0 0.4820195302243891 0.0 1.0 0
4.0 1.6135359996783878 4.0 1.0 1
4.0 0.41365510159874286 4.0 1.0 2
4.642009533829941 1.0 4.0 1.0 3
0.0 0.23764313652149524 0.0 1.0 4
4.0 1.7134297591782746 4.0 1.0 5
0.0 1.846182004814713 0.0 1.0 6
0.0 0.0 0.0 1.0 7
4.0 0.0 4.0 1.0 8
4.0 2.0 4.0 1.0 9
5.0 1.0 4.0 1.0 10
*** t = 7
0.0 0.6025244127804864 0.0 1.0 0
4.0 1.5169199995979847 4.0 1.0 1
4.0 0.5515401354649905 4.0 1.0 2
4.522679378439921 1.0 4.0 1.0 3
0.0 0.35646470478224285 0.0 1.0 4
4.0 1.5701446387674118 4.0 1.0 5
0.0 1.6923640096294261 0.0 1.0 6
0.0 0.09916406580953441 0.0 1.0 7
4.0 0.15179662137352368 4.0 1.0 8
4.0 1.9150978803979433 4.0 1.0 9
4.898391926647058 1.0 4.0 1.0 10
*** t = 8
0.0 0.7230292953365837 0.0 1.0 0
4.0 1.4203039995175817 4.0 1.0 1
4.0 0.6894251693312381 4.0 1.0 2
4.403349223049902 1.0 4.0 1.0 3
0.0 0.4752862730429905 0.0 1.0 4
4.0 1.4268595183565491 4.0 1.0 5
0.0 1.5385460144441392 0.0 1.0 6
0.0 0.19832813161906881 0.0 1.0 7
4.0 0.30359324274704735 4.0 1.0 8
4.0 1.8301957607958865 4.0 1.0 9
4.796783853294116 1.0 4.0 1.0 10
0.0 0.0 0.0 1.0 11
4.0 2.0 4.0 1.0 12
*** t = 9
0.0 0.8435341778926809 0.0 1.0 0
4.0 1.3236879994371786 4.0 1.0 1
4.0 0.8273102031974857 4.0 1.0 2
4.284019067659882 1.0 4.0 1.0 3
0.0 0.5941078413037381 0.0 1.0 4
4.0 1.2835743979456864 4.0 1.0 5
0.0 1.3847280192588522 0.0 1.0 6
0.0 0.2974921974286032 0.0 1.0 7
4.0 0.45538986412057103 4.0 1.0 8
4.0 1.7452936411938298 4.0 1.0 9
4.695175779941174 1.0 4.0 1.0 10
0.0 0.13215651843422552 0.0 1.0 11
4.0 1.9286616669244765 4.0 1.0 12
4.0 0.0 4.0 1.0 13
5.0 1.0 4.0 1.0 14
*** t = 10
0.0 0.9640390604487782 0.0 1.0 0
4.0 1.2270719993567756 4.0 1.0 1
4.0 0.9651952370637333 4.0 1.0 2
4.164688912269862 1.0 4.0 1.0 3
0.0 0.7129294095644857 0.0 1.0 4
4.0 1.1402892775348237 4.0 1.0 5
0.0 1.2309100240735653 0.0 1.0 6
0.0 0.39665626323813763 0.0 1.0 7
4.0 0.6071864854940947 4.0 1.0 8
4.0 1.660391521591773 4.0 1.0 9
4.593567706588232 1.0 4.0 1.0 10
0.0 0.26431303686845103 0.0 1.0 11
4.0 1.857323333848953 4.0 1.0 12
4.0 0.08946226240023776 4.0 1.0 13
4.8934930973352095 1.0 4.0 1.0 14
0.0 0.0 0.0 1.0 15
0.0 2.0 0.0 1.0 16
4.0 2.0 4.0 1.0 17
*** t = 11
0.08454394300487546 1.0 4.0 1.0 0
4.0 1.1304559992763725 4.0 1.0 1
3.896919729070019 1.0 0.0 1.0 2
4.045358756879843 1.0 4.0 1.0 3
0.0 0.8317509778252333 0.0 1.0 4
3.997004157123961 1.0 0.0 1.0 5
0.0 1.0770920288882784 0.0 1.0 6
0.0 0.49582032904767204 0.0 1.0 7
4.0 0.7589831068676184 4.0 1.0 8
4.0 1.5754894019897163 4.0 1.0 9
4.49195963323529 1.0 4.0 1.0 10
0.0 0.3964695553026766 0.0 1.0 11
4.0 1.7859850007734295 4.0 1.0 12
4.0 0.17892452480047552 4.0 1.0 13
4.786986194670419 1.0 4.0 1.0 14
0.0 0.13556607895498904 0.0 1.0 15
0.0 1.8868655035101563 0.0 1.0 16
4.0 1.9363058776384536 4.0 1.0 17
*** t = 12
0.20504882556097273 1.0 4.0 1.0 0
4.0 1.0338399991959695 4.0 1.0 1
3.7590346952037716 1.0 0.0 1.0 2
3.9260286014898225 1.0 0.0 1.0 3
0.0 0.950572546085981 0.0 1.0 4
3.8537190367130982 1.0 0.0 1.0 5
0.07672596629700856 1.0 4.0 1.0 6
0.0 0.5949843948572064 0.0 1.0 7
4.0 0.9107797282411421 4.0 1.0 8
4.0 1.4905872823876596 4.0 1.0 9
4.3903515598823475 1.0 4.0 1.0 10
0.0 0.5286260737369021 0.0 1.0 11
4.0 1.714646667697906 4.0 1.0 12
4.0 0.2683867872007133 4.0 1.0 13
4.680479292005629 1.0 4.0 1.0 14
0.0 0.2711321579099781 0.0 1.0 15
0.0 1.7737310070203125 0.0 1.0 16
4.0 1.8726117552769073 4.0 1.0 17
0.0 0.0 0.0 1.0 18
4.0 0.0 4.0 1.0 19
4.0 2.0 4.0 1.0 20
5.0 1.0 4.0 1.0 21
*** t = 13
0.32555370811707 1.0 4.0 1.0 0
4.062776000884433 1.0 5.0 1.0 1
3.6211496613375243 1.0 0.0 1.0 2
3.8066984460998023 1.0 0.0 1.0 3
0.06939411434672858 1.0 4.0 1.0 4
3.7104339163022355 1.0 0.0 1.0 5
0.2305439614822955 1.0 4.0 1.0 6
0.0 0.6941484606667409 0.0 1.0 7
3.9374236503853344 1.0 0.0 1.0 8
4.0 1.4056851627856028 4.0 1.0 9
4.288743486529405 1.0 4.0 1.0 10
0.0 0.6607825921711276 0.0 1.0 11
4.0 1.6433083346223825 4.0 1.0 12
4.0 0.35784904960095104 4.0 1.0 13
4.573972389340838 1.0 4.0 1.0 14
0.0 0.4066982368649671 0.0 1.0 15
0.0 1.6605965105304688 0.0 1.0 16
4.0 1.808917632915361 4.0 1.0 17
0.0 0.1246359435728229 0.0 1.0 18
4.0 0.13112683755041551 4.0 1.0 19
4.0 1.8936496632930446 4.0 1.0 20
4.857586678121932 1.0 4.0 1.0 21
*** t = 14
0.4460585906731673 1.0 4.0 1.0 0
4.159392000964837 1.0 5.0 1.0 1
3.483264627471277 1.0 0.0 1.0 2
3.6873682907097822 1.0 0.0 1.0 3
0.1882156826074762 1.0 4.0 1.0 4
3.567148795891373 1.0 0.0 1.0 5
0.38436195666758244 1.0 4.0 1.0 6
0.0 0.7933125264762753 0.0 1.0 7
3.7856270290118106 1.0 0.0 1.0 8
4.0 1.3207830431835461 4.0 1.0 9
4.187135413176463 1.0 4.0 1.0 10
0.0 0.792939110605353 0.0 1.0 11
4.0 1.571970001546859 4.0 1.0 12
4.0 0.4473113120011888 4.0 1.0 13
4.467465486676048 1.0 4.0 1.0 14
0.0 0.5422643158199562 0.0 1.0 15
0.0 1.547462014040625 0.0 1.0 16
4.0 1.7452235105538145 4.0 1.0 17
0.0 0.2492718871456458 0.0 1.0 18
4.0 0.26225367510083103 4.0 1.0 19
4.0 1.7872993265860893 4.0 1.0 20
4.715173356243865 1.0 4.0 1.0 21
0.0 0.0 0.0 1.0 22
4.0 2.0 4.0 1.0 23
*** t = 15
0.5665634732292646 1.0 4.0 1.0 0
4.25600800104524 1.0 5.0 1.0 1
3.3453795936050295 1.0 0.0 1.0 2
3.568038135319762 1.0 0.0 1.0 3
0.3070372508682238 1.0 4.0 1.0 4
3.42386367548051 1.0 0.0 1.0 5
0.5381799518528694 1.0 4.0 1.0 6
0.0 0.8924765922858097 0.0 1.0 7
3.633830407638287 1.0 0.0 1.0 8
4.0 1.2358809235814894 4.0 1.0 9
4.085527339823521 1.0 4.0 1.0 10
0.0 0.9250956290395785 0.0 1.0 11
4.0 1.5006316684713354 4.0 1.0 12
4.0 0.5367735744014266 4.0 1.0 13
4.360958584011257 1.0 4.0 1.0 14
0.0 0.6778303947749452 0.0 1.0 15
0.0 1.4343275175507813 0.0 1.0 16
4.0 1.6815293881922682 4.0 1.0 17
0.0 0.37390783071846867 0.0 1.0 18
4.0 0.3933805126512465 4.0 1.0 19
4.0 1.6809489898791339 4.0 1.0 20
4.572760034365797 1.0 4.0 1.0 21
0.0 0.09279420678050589 0.0 1.0 22
4.0 1.904699486654436 4.0 1.0 23
0.0 2.0 0.0 1.0 24
4.0 0.0 4.0 1.0 25
5.0 1.0 4.0 1.0 26
*** t = 16
0.6870683557853619 1.0 4.0 1.0 0
4.352624001125643 1.0 5.0 1.0 1
3.207494559738782 1.0 0.0 1.0 2
3.448707979929742 1.0 0.0 1.0 3
0.42585881912897144 1.0 4.0 1.0 4
3.2805785550696474 1.0 0.0 1.0 5
0.6919979470381563 1.0 4.0 1.0 6
0.0 0.9916406580953441 0.0 1.0 7
3.482033786264763 1.0 0.0 1.0 8
4.0 1.1509788039794326 4.0 1.0 9
3.9839192664705796 1.0 0.0 1.0 10
0.0 1.0572521474738041 0.0 2.0 11
4.0 1.429293335395812 4.0 1.0 12
4.0 0.6262358368016644 4.0 1.0 13
4.254451681346467 1.0 4.0 1.0 14
0.0 0.8133964737299343 0.0 1.0 15
0.0 1.3211930210609375 0.0 1.0 16
4.0 1.6178352658307218 4.0 1.0 17
0.0 0.4985437742912916 0.0 1.0 18
4.0 0.5245073502016621 4.0 1.0 19
4.0 1.5745986531721785 4.0 1.0 20
4.430346712487729 1.0 4.0 1.0 21
0.0 0.18558841356101177 0.0 1.0 22
4.0 1.809398973308872 4.0 1.0 23
0.0 1.8804542551438477 0.0 1.0 24
4.0 0.09213051281841608 4.0 1.0 25
4.8829840474099235 1.0 4.0 1.0 26
0.0 0.0 0.0 1.0 27
4.0 2.0 4.0 1.0 28
*** t = 17
0.8075732383414591 1.0 4.0 1.0 0
4.4492400012060465 1.0 5.0 1.0 1
3.0696095258725347 1.0 0.0 1.0 2
3.329377824539722 1.0 0.0 1.0 3
0.544680387389719 1.0 4.0 1.0 4
3.1372934346587846 1.0 0.0 1.0 5
0.8458159422234433 1.0 4.0 1.0 6
0.0 1.0908047239048786 0.0 2.0 7
3.330237164891239 1.0 0.0 1.0 8
4.0 1.066076684377376 4.0 1.0 9
3.882311193117638 1.0 0.0 1.0 10
0.0 1.1894086659080296 0.0 2.0 11
4.0 1.3579550023202884 4.0 1.0 12
4.0 0.7156980992019022 4.0 1.0 13
4.147944778681676 1.0 4.0 1.0 14
0.0 0.9489625526849234 0.0 1.0 15
0.0 1.2080585245710938 0.0 1.0 16
4.0 1.5541411434691754 4.0 1.0 17
0.0 0.6231797178641145 0.0 1.0 18
4.0 0.6556341877520776 4.0 1.0 19
4.0 1.4682483164652231 4.0 1.0 20
4.287933390609662 1.0 4.0 1.0 21
0.0 0.2783826203415177 0.0 1.0 22
4.0 1.714098459963308 4.0 1.0 23
0.0 1.7609085102876953 0.0 1.0 24
4.0 0.18426102563683217 4.0 1.0 25
4.765968094819847 1.0 4.0 1.0 26
0.0 0.13006739376854717 0.0 1.0 27
4.0 1.9248314444753072 4.0 1.0 28
*** t = 18
0.9280781208975564 1.0 4.0 1.0 0
4.54585600128645 1.0 5.0 1.0 1
2.9317244920062873 1.0 0.0 1.0 2
3.2100476691497017 1.0 0.0 1.0 3
0.6635019556504667 1.0 4.0 1.0 4
2.994008314247922 1.0 0.0 1.0 5
0.9996339374087302 1.0 4.0 1.0 6
0.0 1.1899687897144129 0.0 2.0 7
3.1784405435177154 1.0 0.0 1.0 8
3.981174564775319 1.0 0.0 1.0 9
3.7807031197646963 1.0 0.0 1.0 10
0.0 1.3215651843422551 0.0 2.0 11
4.0 1.286616669244765 4.0 1.0 12
4.0 0.80516036160214 4.0 1.0 13
4.041437876016886 1.0 4.0 1.0 14
0.0 1.0845286316399123 0.0 2.0 15
0.0 1.09492402808125 0.0 1.0 16
4.0 1.490447021107629 4.0 1.0 17
0.0 0.7478156614369375 0.0 1.0 18
4.0 0.7867610253024931 4.0 1.0 19
4.0 1.3618979797582678 4.0 1.0 20
4.145520068731594 1.0 4.0 1.0 21
0.0 0.37117682712202354 0.0 1.0 22
4.0 1.618797946617744 4.0 1.0 23
0.0 1.641362765431543 0.0 1.0 24
4.0 0.2763915384552482 4.0 1.0 25
4.648952142229771 1.0 4.0 1.0 26
0.0 0.26013478753709435 0.0 1.0 27
4.0 1.8496628889506144 4.0 1.0 28
0.0 0.0 0.0 1.0 29
4.0 0.0 4.0 1.0 30
4.0 2.0 4.0 1.0 31
5.0 1.0 4.0 1.0 32
*** t = 19
1.0485830034536536 1.0 4.0 1.0 0
4.642472001366853 1.0 5.0 1.0 1
2.79383945814004 1.0 0.0 1.0 2
3.0907175137596816 1.0 0.0 1.0 3
0.7823235239112143 1.0 4.0 1.0 4
2.850723193837059 1.0 0.0 1.0 5
1.1534519325940171 1.0 4.0 1.0 6
0.0 1.2891328555239472 0.0 2.0 7
3.0266439221441916 1.0 0.0 1.0 8
3.8962724451732624 1.0 0.0 1.0 9
3.6790950464117547 1.0 0.0 1.0 10
0.0 1.4537217027764806 0.0 2.0 11
4.0 1.2152783361692414 4.0 1.0 12
4.0 0.8946226240023778 4.0 1.0 13
3.9349309733520954 1.0 0.0 1.0 14
0.0 1.2200947105949014 0.0 2.0 15
0.018210468408593763 1.0 4.0 1.0 16
4.0 1.4267528987460827 4.0 1.0 17
0.0 0.8724516050097604 0.0 1.0 18
4.0 0.9178878628529087 4.0 1.0 19
4.0 1.2555476430513124 4.0 1.0 20
4.003106746853526 1.0 4.0 1.0 21
0.0 0.4639710339025294 0.0 1.0 22
4.0 1.52349743327218 4.0 1.0 23
0.0 1.5218170205753907 0.0 1.0 24
4.0 0.36852205127366433 4.0 1.0 25
4.531936189639694 1.0 4.0 1.0 26
0.0 0.39020218130564155 0.0 1.0 27
4.0 1.7744943334259216 4.0 1.0 28
0.0 0.15763782122337075 0.0 1.0 29
4.0 0.1090812824829712 4.0 1.0 30
4.0 1.8284246118992518 4.0 1.0 31
4.903699202242104 1.0 4.0 1.0 32
*** t = 20
1.1690878860097509 1.0 4.0 1.0 0
4.739088001447256 1.0 5.0 1.0 1
2.6559544242737925 1.0 0.0 1.0 2
2.9713873583696615 1.0 0.0 1.0 3
0.9011450921719619 1.0 4.0 1.0 4
2.7074380734261965 1.0 0.0 1.0 5
1.307269927779304 1.0 4.0 1.0 6
0.0 1.3882969213334815 0.0 2.0 7
2.874847300770668 1.0 0.0 1.0 8
3.8113703255712057 1.0 0.0 1.0 9
3.577486973058813 1.0 0.0 1.0 10
0.0 1.585878221210706 0.0 2.0 11
4.0 1.143940003093718 4.0 1.0 12
4.0 0.9840848864026156 4.0 1.0 13
3.828424070687305 1.0 0.0 1.0 14
0.0 1.3556607895498904 0.0 2.0 15
0.13134496489843753 1.0 4.0 1.0 16
4.0 1.3630587763845363 4.0 1.0 17
0.0 0.9970875485825833 0.0 1.0 18
4.0 1.0490147004033241 4.0 2.0 19
4.0 1.149197306344357 4.0 1.0 20
4.0 1.139306575024541 4.0 2.0 21
0.0 0.5567652406830353 0.0 1.0 22
4.0 1.428196919926616 4.0 1.0 23
0.0 1.4022712757192384 0.0 1.0 24
4.0 0.46065256409208044 4.0 1.0 25
4.414920237049618 1.0 4.0 1.0 26
0.0 0.5202695750741887 0.0 1.0 27
4.0 1.6993257779012287 4.0 1.0 28
0.0 0.3152756424467415 0.0 1.0 29
4.0 0.2181625649659424 4.0 1.0 30
4.0 1.6568492237985035 4.0 1.0 31
4.807398404484209 1.0 4.0 1.0 32
0.0 0.0 0.0 1.0 33
0.0 2.0 0.0 1.0 34
4.0 2.0 4.0 1.0 35
*** t = 21
1.2895927685658481 1.0 4.0 1.0 0
4.83570400152766 1.0 5.0 1.0 1
2.518069390407545 1.0 0.0 1.0 2
2.8520572029796414 1.0 0.0 1.0 3
1.0199666604327096 1.0 4.0 1.0 4
2.5641529530153337 1.0 0.0 1.0 5
1.461087922964591 1.0 4.0 1.0 6
0.0 1.4874609871430158 0.0 2.0 7
2.723050679397144 1.0 0.0 1.0 8
3.726468205969149 1.0 0.0 1.0 9
3.4758788997058714 1.0 0.0 1.0 10
0.0 1.7180347396449316 0.0 2.0 11
4.0 1.0726016700181944 4.0 1.0 12
3.926452851197147 1.0 0.0 1.0 13
3.7219171680225145 1.0 0.0 1.0 14
0.0 1.4912268685048795 0.0 2.0 15
0.2444794613882813 1.0 4.0 1.0 16
4.0 1.29936465402299 4.0 1.0 17
0.1217234921554062 1.0 4.0 1.0 18
4.0 1.1801415379537397 4.0 2.0 19
4.0 1.0428469696374016 4.0 1.0 20
4.0 1.2817198969026085 4.0 2.0 21
0.0 0.6495594474635412 0.0 1.0 22
4.0 1.332896406581052 4.0 1.0 23
0.0 1.282725530863086 0.0 1.0 24
4.0 0.5527830769104966 4.0 1.0 25
4.297904284459541 1.0 4.0 1.0 26
0.0 0.6503369688427358 0.0 1.0 27
4.0 1.624157222376536 4.0 1.0 28
0.0 0.4729134636701122 0.0 1.0 29
4.0 0.3272438474489136 4.0 1.0 30
4.0 1.4852738356977553 4.0 1.0 31
4.711097606726313 1.0 4.0 1.0 32
0.0 0.03782872862397558 0.0 1.0 33
0.0 1.86286555224039 0.0 1.0 34
4.0 1.8958922458977863 4.0 1.0 35
4.0 0.0 4.0 1.0 36
5.0 1.0 4.0 1.0 37
*** t = 22
1.4100976511219454 1.0 4.0 1.0 0
4.932320001608063 1.0 5.0 1.0 1
2.3801843565412977 1.0 0.0 1.0 2
2.7327270475896213 1.0 0.0 1.0 3
1.1387882286934572 1.0 4.0 1.0 4
2.420867832604471 1.0 0.0 1.0 5
1.614905918149878 1.0 4.0 1.0 6
0.0 1.58662505295255 0.0 2.0 7
2.5712540580236203 1.0 0.0 1.0 8
3.6415660863670922 1.0 0.0 1.0 9
3.3742708263529297 1.0 0.0 1.0 10
0.0 1.850191258079157 0.0 2.0 11
4.0 1.001263336942671 4.0 1.0 12
3.836990588796909 1.0 0.0 1.0 13
3.615410265357724 1.0 0.0 1.0 14
0.0 1.6267929474598686 0.0 2.0 15
0.35761395787812505 1.0 4.0 1.0 16
4.0 1.2356705316614436 4.0 1.0 17
0.2463594357282291 1.0 4.0 1.0 18
4.0 1.3112683755041552 4.0 2.0 19
4.063503367069554 1.0 5.0 1.0 20
4.0 1.424133218780676 4.0 2.0 21
0.0 0.7423536542440471 0.0 1.0 22
4.0 1.237595893235488 4.0 1.0 23
0.0 1.1631797860069337 0.0 1.0 24
4.0 0.6449135897289127 4.0 1.0 25
4.180888331869465 1.0 4.0 1.0 26
0.0 0.780404362611283 0.0 1.0 27
4.0 1.548988666851843 4.0 1.0 28
0.0 0.630551284893483 0.0 1.0 29
4.0 0.4363251299318848 4.0 1.0 30
4.0 1.313698447597007 4.0 1.0 31
4.614796808968418 1.0 4.0 1.0 32
0.0 0.07565745724795116 0.0 1.0 33
0.0 1.7257311044807802 0.0 1.0 34
4.0 1.7917844917955725 4.0 1.0 35
4.0 0.1527656101779875 4.0 1.0 36
4.842259732998755 1.0 4.0 1.0 37
0.0 0.0 0.0 1.0 38
4.0 2.0 4.0 1.0 39
*** t = 23
1.5306025336780427 1.0 4.0 1.0 0
2.2422993226750503 1.0 0.0 1.0 2
2.613396892199601 1.0 0.0 1.0 3
1.2576097969542048 1.0 4.0 1.0 4
2.2775827121936083 1.0 0.0 1.0 5
1.7687239133351649 1.0 4.0 1.0 6
0.0 1.6857891187620844 0.0 2.0 7
2.4194574366500965 1.0 0.0 1.0 8
3.5566639667650355 1.0 0.0 1.0 9
3.272662752999988 1.0 0.0 1.0 10
0.0 1.9823477765133826 0.0 2.0 11
3.9299250038671474 1.0 0.0 1.0 12
3.7475283263966714 1.0 0.0 1.0 13
3.5089033626929336 1.0 0.0 1.0 14
0.0 1.7623590264148576 0.0 2.0 15
0.4707484543679688 1.0 4.0 1.0 16
4.0 1.1719764092998972 4.0 1.0 17
0.370995379301052 1.0 4.0 1.0 18
4.0 1.4423952130545707 4.0 2.0 19
4.16985370377651 1.0 5.0 1.0 20
4.0 1.5665465406587433 4.0 2.0 21
0.0 0.835147861024553 0.0 1.0 22
4.0 1.142295379889924 4.0 1.0 23
0.0 1.0436340411507814 0.0 1.0 24
4.0 0.7370441025473288 4.0 1.0 25
4.063872379279388 1.0 4.0 1.0 26
0.0 0.9104717563798301 0.0 1.0 27
4.0 1.4738201113271503 4.0 1.0 28
0.0 0.7881891061168538 0.0 1.0 29
4.0 0.545406412414856 4.0 1.0 30
4.0 1.1421230594962588 4.0 1.0 31
4.518496011210522 1.0 4.0 1.0 32
0.0 0.11348618587192674 0.0 1.0 33
0.0 1.5885966567211702 0.0 1.0 34
4.0 1.6876767376933588 4.0 1.0 35
4.0 0.305531220355975 4.0 1.0 36
4.684519465997511 1.0 4.0 1.0 37
0.0 0.13926361191571046 0.0 1.0 38
4.0 1.9276413247712996 4.0 1.0 39
*** t = 24
1.65110741623414 1.0 4.0 1.0 0
2.104414288808803 1.0 0.0 1.0 2
2.494066736809581 1.0 0.0 1.0 3
1.3764313652149525 1.0 4.0 1.0 4
2.1342975917827456 1.0 0.0 1.0 5
1.9225419085204518 1.0 4.0 1.0 6
0.0 1.7849531845716187 0.0 2.0 7
2.2676608152765727 1.0 0.0 1.0 8
3.4717618471629788 1.0 0.0 1.0 9
3.1710546796470465 1.0 0.0 1.0 10
3.858586670791624 1.0 0.0 1.0 12
3.6580660639964337 1.0 0.0 1.0 13
3.402396460028143 1.0 0.0 1.0 14
0.0 1.8979251053698467 0.0 2.0 15
0.5838829508578126 1.0 4.0 1.0 16
4.0 1.1082822869383508 4.0 1.0 17
0.4956313228738749 1.0 4.0 1.0 18
4.0 1.5735220506049863 4.0 2.0 19
4.276204040483465 1.0 5.0 1.0 20
4.0 1.7089598625368108 4.0 2.0 21
0.0 0.9279420678050588 0.0 1.0 22
4.0 1.04699486654436 4.0 1.0 23
0.07591170370537098 1.0 4.0 1.0 24
4.0 0.8291746153657449 4.0 1.0 25
4.0 1.0531435733106882 4.0 2.0 26
0.040539150148377306 1.0 4.0 1.0 27
4.0 1.3986515558024575 4.0 1.0 28
0.0 0.9458269273402246 0.0 1.0 29
4.0 0.6544876948978272 4.0 1.0 30
3.9705476713955106 1.0 0.0 1.0 31
4.422195213452627 1.0 4.0 1.0 32
0.0 0.15131491449590231 0.0 1.0 33
0.0 1.4514622089615603 0.0 1.0 34
4.0 1.583568983591145 4.0 1.0 35
4.0 0.45829683053396253 4.0 1.0 36
4.526779198996266 1.0 4.0 1.0 37
0.0 0.2785272238314209 0.0 1.0 38
4.0 1.8552826495425991 4.0 1.0 39
0.0 0.0 0.0 1.0 40
4.0 0.0 4.0 1.0 41
4.0 2.0 4.0 1.0 42
5.0 1.0 4.0 1.0 43
*** t = 25
1.7716122987902372 1.0 4.0 1.0 0
1.9665292549425553 1.0 0.0 1.0 2
2.374736581419561 1.0 0.0 1.0 3
1.4952529334757 1.0 4.0 1.0 4
1.9910124713718829 1.0 0.0 1.0 5
2.0763599037057388 1.0 4.0 1.0 6
0.0 1.884117250381153 0.0 2.0 7
2.115864193903049 1.0 0.0 1.0 8
3.386859727560922 1.0 0.0 1.0 9
3.069446606294105 1.0 0.0 1.0 10
3.7872483377161004 1.0 0.0 1.0 12
3.568603801596196 1.0 0.0 1.0 13
3.2958895573633527 1.0 0.0 1.0 14
0.6970174473476564 1.0 4.0 1.0 16
4.0 1.0445881645768045 4.0 1.0 17
0.6202672664466978 1.0 4.0 1.0 18
4.0 1.7046488881554018 4.0 2.0 19
4.382554377190421 1.0 5.0 1.0 20
4.0 1.8513731844148782 4.0 2.0 21
0.0 1.0207362745855648 0.0 2.0 22
3.951694353198796 1.0 0.0 1.0 23
0.19545744856152336 1.0 4.0 1.0 24
4.0 0.921305128184161 4.0 1.0 25
4.0 1.1701595259007647 4.0 2.0 26
0.17060654391692448 1.0 4.0 1.0 27
4.0 1.3234830002777647 4.0 1.0 28
0.1034647485635953 1.0 4.0 1.0 29
4.0 0.7635689773807984 4.0 1.0 30
3.7989722832947623 1.0 0.0 1.0 31
4.325894415694731 1.0 4.0 1.0 32
0.0 0.18914364311987789 0.0 1.0 33
0.0 1.3143277612019504 0.0 1.0 34
4.0 1.4794612294889313 4.0 1.0 35
4.0 0.61106244071195 4.0 1.0 36
4.369038931995021 1.0 4.0 1.0 37
0.0 0.4177908357471314 0.0 1.0 38
4.0 1.7829239743138987 4.0 1.0 39
0.0 0.1566718180973788 0.0 1.0 40
4.0 0.11668577989957518 4.0 1.0 41
4.0 1.851279458407671 4.0 1.0 42
4.9033251932007715 1.0 4.0 1.0 43
0.0 2.0 0.0 1.0 44
*** t = 26
1.8921171813463344 1.0 4.0 1.0 0
1.8286442210763076 1.0 0.0 1.0 2
2.255406426029541 1.0 0.0 1.0 3
1.6140745017364477 1.0 4.0 1.0 4
1.8477273509610201 1.0 0.0 1.0 5
2.230177898891026 1.0 4.0 1.0 6
0.0 1.9832813161906873 0.0 2.0 7
1.9640675725295251 1.0 0.0 1.0 8
3.3019576079588653 1.0 0.0 1.0 9
2.967838532941163 1.0 0.0 1.0 10
3.715910004640577 1.0 0.0 1.0 12
3.4791415391959584 1.0 0.0 1.0 13
3.189382654698562 1.0 0.0 1.0 14
0.8101519438375001 1.0 4.0 1.0 16
3.980894042215258 1.0 0.0 1.0 17
0.7449032100195208 1.0 4.0 1.0 18
4.0 1.8357757257058174 4.0 2.0 19
4.4889047138973766 1.0 5.0 1.0 20
4.0 1.9937865062929456 4.0 2.0 21
0.0 1.1135304813660707 0.0 2.0 22
3.8563938398532316 1.0 0.0 1.0 23
0.31500319341767574 1.0 4.0 1.0 24
4.013435641002577 1.0 5.0 1.0 25
4.0 1.2871754784908411 4.0 2.0 26
0.3006739376854717 1.0 4.0 1.0 27
4.0 1.2483144447530719 4.0 1.0 28
0.26110256978696605 1.0 4.0 1.0 29
4.0 0.8726502598637697 4.0 1.0 30
3.627396895194014 1.0 0.0 1.0 31
4.229593617936835 1.0 4.0 1.0 32
0.0 0.22697237174385346 0.0 1.0 33
0.0 1.1771933134423405 0.0 1.0 34
4.0 1.3753534753867176 4.0 1.0 35
4.0 0.7638280508899375 4.0 1.0 36
4.211298664993777 1.0 4.0 1.0 37
0.0 0.5570544476628418 0.0 1.0 38
4.0 1.7105652990851983 4.0 1.0 39
0.0 0.3133436361947576 0.0 1.0 40
4.0 0.23337155979915036 4.0 1.0 41
4.0 1.702558916815342 4.0 1.0 42
4.806650386401543 1.0 4.0 1.0 43
0.0 1.839224874276925 0.0 1.0 44
0.0 0.0 0.0 1.0 45
4.0 2.0 4.0 1.0 46
*** t = 27
2.0126220639024317 1.0 4.0 1.0 0
1.69075918721006 1.0 0.0 1.0 2
2.1360762706395207 1.0 0.0 1.0 3
1.7328960699971954 1.0 4.0 1.0 4
1.7044422305501574 1.0 0.0 1.0 5
2.383995894076313 1.0 4.0 1.0 6
1.8122709511560013 1.0 0.0 1.0 8
3.2170554883568085 1.0 0.0 1.0 9
2.8662304595882215 1.0 0.0 1.0 10
3.6445716715650534 1.0 0.0 1.0 12
3.3896792767957207 1.0 0.0 1.0 13
3.0828757520337717 1.0 0.0 1.0 14
0.9232864403273439 1.0 4.0 1.0 16
3.917199919853712 1.0 0.0 1.0 17
0.8695391535923437 1.0 4.0 1.0 18
4.0 1.966902563256233 4.0 2.0 19
4.595255050604332 1.0 5.0 1.0 20
0.0 1.2063246881465766 0.0 2.0 22
3.7610933265076674 1.0 0.0 1.0 23
0.4345489382738281 1.0 4.0 1.0 24
4.105566153820993 1.0 5.0 1.0 25
4.0 1.4041914310809176 4.0 2.0 26
0.4307413314540188 1.0 4.0 1.0 27
4.0 1.173145889228379 4.0 1.0 28
0.4187403910103368 1.0 4.0 1.0 29
4.0 0.9817315423467409 4.0 1.0 30
3.455821507093266 1.0 0.0 1.0 31
4.13329282017894 1.0 4.0 1.0 32
0.0 0.26480110036782906 0.0 1.0 33
0.0 1.0400588656827305 0.0 1.0 34
4.0 1.2712457212845039 4.0 1.0 35
4.0 0.9165936610679251 4.0 1.0 36
4.053558397992532 1.0 4.0 1.0 37
0.0 0.6963180595785523 0.0 1.0 38
4.0 1.6382066238564978 4.0 1.0 39
0.0 0.47001545429213637 0.0 1.0 40
4.0 0.35005733969872554 4.0 1.0 41
4.0 1.5538383752230132 4.0 1.0 42
4.709975579602315 1.0 4.0 1.0 43
0.0 1.67844974855385 0.0 1.0 44
0.0 0.07199180993025416 0.0 1.0 45
4.0 1.85714594616851 4.0 1.0 46
4.0 0.0 4.0 1.0 47
5.0 1.0 4.0 1.0 48
*** t = 28
2.133126946458529 1.0 4.0 1.0 0
1.5528741533438124 1.0 0.0 1.0 2
2.0167461152495005 1.0 0.0 1.0 3
1.851717638257943 1.0 4.0 1.0 4
1.5611571101392947 1.0 0.0 1.0 5
2.5378138892616002 1.0 4.0 1.0 6
1.6604743297824776 1.0 0.0 1.0 8
3.132153368754752 1.0 0.0 1.0 9
2.76462238623528 1.0 0.0 1.0 10
3.57323333848953 1.0 0.0 1.0 12
3.300217014395483 1.0 0.0 1.0 13
2.9763688493689813 1.0 0.0 1.0 14
1.0364209368171877 1.0 4.0 1.0 16
3.853505797492166 1.0 0.0 1.0 17
0.9941750971651666 1.0 4.0 1.0 18
4.701605387311288 1.0 5.0 1.0 20
0.0 1.2991188949270824 0.0 2.0 22
3.665792813162103 1.0 0.0 1.0 23
0.5540946831299804 1.0 4.0 1.0 24
4.197696666639409 1.0 5.0 1.0 25
4.0 1.521207383670994 4.0 2.0 26
0.560808725222566 1.0 4.0 1.0 27
4.0 1.0979773337036862 4.0 1.0 28
0.5763782122337076 1.0 4.0 1.0 29
3.909187175170288 1.0 0.0 1.0 30
3.2842461189925176 1.0 0.0 1.0 31
4.036992022421044 1.0 4.0 1.0 32
0.0 0.30262982899180463 0.0 1.0 33
0.0 0.9029244179231207 0.0 0.0 34
4.0 1.1671379671822901 4.0 1.0 35
3.9306407287540877 1.0 0.0 1.0 36
3.8958181309912874 1.0 0.0 1.0 37
0.0 0.8355816714942628 0.0 1.0 38
4.0 1.5658479486277974 4.0 1.0 39
0.0 0.6266872723895152 0.0 1.0 40
4.0 0.4667431195983007 4.0 1.0 41
4.0 1.4051178336306842 4.0 1.0 42
4.613300772803086 1.0 4.0 1.0 43
0.0 1.5176746228307751 0.0 1.0 44
0.0 0.1439836198605083 0.0 1.0 45
4.0 1.71429189233702 4.0 1.0 46
4.0 0.144998777285434 4.0 1.0 47
4.916342387889149 1.0 4.0 1.0 48
0.0 0.0 0.0 1.0 49
4.0 2.0 4.0 1.0 50
*** t = 29
2.2536318290146267 1.0 4.0 1.0 0
1.4149891194775648 1.0 0.0 1.0 2
1.8974159598594806 1.0 0.0 1.0 3
1.9705392065186906 1.0 4.0 1.0 4
1.417871989728432 1.0 0.0 1.0 5
2.6916318844468874 1.0 4.0 1.0 6
1.5086777084089538 1.0 0.0 1.0 8
3.047251249152695 1.0 0.0 1.0 9
2.6630143128823383 1.0 0.0 1.0 10
3.5018950054140063 1.0 0.0 1.0 12
3.2107547519952453 1.0 0.0 1.0 13
2.869861946704191 1.0 0.0 1.0 14
1.1495554333070315 1.0 4.0 1.0 16
3.7898116751306197 1.0 0.0 1.0 17
1.1188110407379894 1.0 4.0 1.0 18
4.807955724018243 1.0 5.0 1.0 20
0.0 1.3919131017075883 0.0 2.0 22
3.570492299816539 1.0 0.0 1.0 23
0.6736404279861328 1.0 4.0 1.0 24
4.289827179457825 1.0 5.0 1.0 25
4.0 1.6382233362610705 4.0 2.0 26
0.6908761189911131 1.0 4.0 1.0 27
4.0 1.0228087781789934 4.0 1.0 28
0.7340160334570783 1.0 4.0 1.0 29
3.800105892687317 1.0 0.0 1.0 30
3.1126707308917694 1.0 0.0 1.0 31
4.0 0.9406912246631485 4.0 0.0 32
0.0 0.3404585576157802 0.0 1.0 33
0.0 0.7657899701635109 0.0 0.0 34
4.0 1.0630302130800764 4.0 1.0 35
3.7778751185761 1.0 0.0 1.0 36
3.7380778639900427 1.0 0.0 1.0 37
0.0 0.9748452834099732 0.0 1.0 38
4.0 1.493489273399097 4.0 1.0 39
0.0 0.7833590904868939 0.0 1.0 40
4.0 0.5834288994978759 4.0 1.0 41
4.0 1.2563972920383553 4.0 1.0 42
4.516625966003858 1.0 4.0 1.0 43
0.0 1.3568994971077002 0.0 1.0 44
0.0 0.21597542979076245 0.0 1.0 45
4.0 1.57143783850553 4.0 1.0 46
4.0 0.289997554570868 4.0 1.0 47
4.832684775778297 1.0 4.0 1.0 48
0.0 0.13824269554216617 0.0 1.0 49
4.0 1.8951457244316092 4.0 1.0 50
*** t = 30
2.374136711570724 1.0 4.0 1.0 0
1.2771040856113172 1.0 0.0 1.0 2
1.7780858044694607 1.0 0.0 1.0 3
2.089360774779438 1.0 4.0 1.0 4
1.2745868693175693 1.0 0.0 1.0 5
2.8454498796321746 1.0 4.0 1.0 6
1.35688108703543 1.0 0.0 1.0 8
2.9623491295506383 1.0 0.0 1.0 9
2.5614062395293966 1.0 0.0 1.0 10
3.430556672338483 1.0 0.0 1.0 12
3.1212924895950076 1.0 0.0 1.0 13
2.7633550440394004 1.0 0.0 1.0 14
1.2626899297968752 1.0 4.0 1.0 16
3.7261175527690735 1.0 0.0 1.0 17
1.2434469843108122 1.0 4.0 1.0 18
4.914306060725199 1.0 5.0 1.0 20
0.0 1.4847073084880942 0.0 2.0 22
3.4751917864709747 1.0 0.0 1.0 23
0.7931861728422851 1.0 4.0 1.0 24
4.3819576922762415 1.0 5.0 1.0 25
4.0 1.755239288851147 4.0 2.0 26
0.8209435127596603 1.0 4.0 1.0 27
4.052359777345699 1.0 5.0 1.0 28
0.8916538546804491 1.0 4.0 1.0 29
3.691024610204346 1.0 0.0 1.0 30
2.941095342791021 1.0 0.0 1.0 31
4.0 0.8443904269052527 4.0 0.0 32
0.0 0.37828728623975577 0.0 1.0 33
0.0 0.6286555224039011 0.0 0.0 34
3.9589224589778627 1.0 0.0 1.0 35
3.625109508398112 1.0 0.0 1.0 36
3.580337596988798 1.0 0.0 1.0 37
0.0 1.1141088953256837 0.0 2.0 38
4.0 1.4211305981703966 4.0 1.0 39
0.0 0.9400309085842726 0.0 1.0 40
4.0 0.7001146793974511 4.0 1.0 41
4.0 1.1076767504460263 4.0 1.0 42
4.419951159204629 1.0 4.0 1.0 43
0.0 1.1961243713846252 0.0 1.0 44
0.0 0.2879672397210166 0.0 1.0 45
4.0 1.4285837846740401 4.0 1.0 46
4.0 0.43499633185630204 4.0 1.0 47
4.749027163667446 1.0 4.0 1.0 48
0.0 0.27648539108433234 0.0 1.0 49
4.0 1.7902914488632184 4.0 1.0 50
0.0 0.0 0.0 1.0 51
0.0 2.0 0.0 1.0 52
4.0 0.0 4.0 1.0 53
4.0 2.0 4.0 1.0 54
5.0 1.0 4.0 1.0 55
*** t = 31
2.4946415941268216 1.0 4.0 1.0 0
1.1392190517450695 1.0 0.0 1.0 2
1.6587556490794408 1.0 0.0 1.0 3
2.2081823430401855 1.0 4.0 1.0 4
1.1313017489067065 1.0 0.0 1.0 5
2.9992678748174617 1.0 4.0 1.0 6
1.2050844656619062 1.0 0.0 1.0 8
2.8774470099485816 1.0 0.0 1.0 9
2.459798166176455 1.0 0.0 1.0 10
3.3592183392629593 1.0 0.0 1.0 12
3.03183022719477 1.0 0.0 1.0 13
2.65684814137461 1.0 0.0 1.0 14
1.375824426286719 1.0 4.0 1.0 16
3.6624234304075274 1.0 0.0 1.0 17
1.368082927883635 1.0 4.0 1.0 18
0.0 1.5775015152686 0.0 2.0 22
3.3798912731254105 1.0 0.0 1.0 23
0.9127319176984374 1.0 4.0 1.0 24
4.474088205094658 1.0 5.0 1.0 25
4.0 1.8722552414412235 4.0 2.0 26
0.9510109065282074 1.0 4.0 1.0 27
4.127528332870392 1.0 5.0 1.0 28
1.0492916759038198 1.0 4.0 1.0 29
3.581943327721375 1.0 0.0 1.0 30
2.769519954690273 1.0 0.0 1.0 31
4.0 0.7480896291473569 4.0 0.0 32
0.0 0.41611601486373134 0.0 1.0 33
0.0 0.4915210746442913 0.0 0.0 34
3.8548147048756487 1.0 0.0 1.0 35
3.4723438982201245 1.0 0.0 1.0 36
3.4225973299875534 1.0 0.0 1.0 37
0.0 1.2533725072413942 0.0 2.0 38
4.0 1.3487719229416961 4.0 1.0 39
0.09670272668165142 1.0 4.0 1.0 40
4.0 0.8168004592970263 4.0 1.0 41
3.958956208853697 1.0 0.0 1.0 42
4.323276352405401 1.0 4.0 1.0 43
0.0 1.0353492456615503 0.0 1.0 44
0.0 0.3599590496512708 0.0 1.0 45
4.0 1.2857297308425502 4.0 1.0 46
4.0 0.579995109141736 4.0 1.0 47
4.665369551556594 1.0 4.0 1.0 48
0.0 0.4147280866264985 0.0 1.0 49
4.0 1.6854371732948277 4.0 1.0 50
0.0 0.12414261258998077 0.0 1.0 51
0.0 1.7810526003505918 0.0 1.0 52
4.0 0.15747993298992832 4.0 1.0 53
4.0 1.830295058427881 4.0 1.0 54
4.847418426116586 1.0 4.0 1.0 55
*** t = 32
2.615146476682919 1.0 4.0 1.0 0
1.001334017878822 1.0 0.0 1.0 2
1.539425493689421 1.0 0.0 1.0 3
2.327003911300933 1.0 4.0 1.0 4
0.9880166284958438 1.0 0.0 1.0 5
3.153085870002749 1.0 4.0 1.0 6
1.0532878442883824 1.0 0.0 1.0 8
2.792544890346525 1.0 0.0 1.0 9
2.3581900928235133 1.0 0.0 1.0 10
3.287880006187436 1.0 0.0 1.0 12
2.942367964794532 1.0 0.0 1.0 13
2.5503412387098194 1.0 0.0 1.0 14
1.4889589227765627 1.0 4.0 1.0 16
3.5987293080459812 1.0 0.0 1.0 17
1.4927188714564579 1.0 4.0 1.0 18
0.0 1.670295722049106 0.0 2.0 22
3.2845907597798463 1.0 0.0 1.0 23
1.0322776625545897 1.0 4.0 1.0 24
4.566218717913074 1.0 5.0 1.0 25
4.0 1.9892711940313 4.0 2.0 26
1.0810783002967546 1.0 4.0 1.0 27
4.202696888395084 1.0 5.0 1.0 28
1.2069294971271904 1.0 4.0 1.0 29
3.472862045238404 1.0 0.0 1.0 30
2.5979445665895247 1.0 0.0 1.0 31
4.0 0.6517888313894611 4.0 0.0 32
0.0 0.4539447434877069 0.0 1.0 33
0.0 0.3543866268846815 0.0 0.0 34
3.7507069507734347 1.0 0.0 1.0 35
3.3195782880421367 1.0 0.0 1.0 36
3.2648570629863087 1.0 0.0 1.0 37
0.0 1.3926361191571046 0.0 2.0 38
4.0 1.2764132477129957 4.0 1.0 39
0.2533745447790302 1.0 4.0 1.0 40
4.0 0.9334862391966015 4.0 1.0 41
3.810235667261368 1.0 0.0 1.0 42
4.226601545606172 1.0 4.0 1.0 43
0.0 0.8745741199384753 0.0 0.0 44
0.0 0.43195085958152496 0.0 1.0 45
4.0 1.1428756770110602 4.0 1.0 46
4.0 0.72499388642717 4.0 1.0 47
4.581711939445743 1.0 4.0 1.0 48
0.0 0.5529707821686647 0.0 1.0 49
4.0 1.580582897726437 4.0 1.0 50
0.0 0.24828522517996154 0.0 1.0 51
0.0 1.5621052007011835 0.0 1.0 52
4.0 0.31495986597985665 4.0 1.0 53
4.0 1.660590116855762 4.0 1.0 54
4.694836852233172 1.0 4.0 1.0 55
0.0 0.0 0.0 1.0 56
4.0 2.0 4.0 1.0 57
*** t = 33
2.7356513592390166 1.0 4.0 1.0 0
0.8634489840125743 1.0 0.0 1.0 2
1.420095338299401 1.0 0.0 1.0 3
2.4458254795616803 1.0 4.0 1.0 4
0.8447315080849811 1.0 0.0 1.0 5
3.306903865188036 1.0 4.0 1.0 6
0.9014912229148587 1.0 0.0 1.0 8
2.707642770744468 1.0 0.0 1.0 9
2.2565820194705717 1.0 0.0 1.0 10
3.2165416731119123 1.0 0.0 1.0 12
2.8529057023942945 1.0 0.0 1.0 13
2.443834336045029 1.0 0.0 1.0 14
1.6020934192664065 1.0 4.0 1.0 16
3.535035185684435 1.0 0.0 1.0 17
1.6173548150292807 1.0 4.0 1.0 18
0.0 1.7630899288296118 0.0 2.0 22
3.189290246434282 1.0 0.0 1.0 23
1.151823407410742 1.0 4.0 1.0 24
4.65834923073149 1.0 5.0 1.0 25
1.2111456940653018 1.0 4.0 1.0 27
4.277865443919777 1.0 5.0 1.0 28
1.364567318350561 1.0 4.0 1.0 29
3.363780762755433 1.0 0.0 1.0 30
2.4263691784887764 1.0 0.0 1.0 31
4.0 0.5554880336315653 4.0 0.0 32
0.0 0.4917734721116825 0.0 1.0 33
0.0 0.21725217912507164 0.0 0.0 34
3.646599196671221 1.0 0.0 1.0 35
3.166812677864149 1.0 0.0 1.0 36
3.107116795985064 1.0 0.0 1.0 37
0.0 1.531899731072815 0.0 2.0 38
4.0 1.2040545724842953 4.0 1.0 39
0.410046362876409 1.0 4.0 1.0 40
3.9498279809038235 1.0 0.0 1.0 41
3.661515125669039 1.0 0.0 1.0 42
4.129926738806944 1.0 4.0 1.0 43
0.0 0.7137989942154004 0.0 0.0 44
0.0 0.5039426695117791 0.0 1.0 45
4.0 1.0000216231795702 4.0 1.0 46
4.0 0.869992663712604 4.0 1.0 47
4.498054327334891 1.0 4.0 1.0 48
0.0 0.6912134777108309 0.0 1.0 49
4.0 1.4757286221580461 4.0 1.0 50
0.0 0.3724278377699423 0.0 1.0 51
0.0 1.3431578010517753 0.0 1.0 52
4.0 0.47243979896978494 4.0 1.0 53
4.0 1.490885175283643 4.0 1.0 54
4.542255278349757 1.0 4.0 1.0 55
0.0 0.12957613010515565 0.0 1.0 56
4.0 1.9445005663220387 4.0 1.0 57
4.0 0.0 4.0 1.0 58
5.0 1.0 4.0 1.0 59
*** t = 34
2.856156241795114 1.0 4.0 1.0 0
0.7255639501463267 1.0 0.0 1.0 2
1.3007651829093811 1.0 0.0 1.0 3
2.5646470478224277 1.0 4.0 1.0 4
0.7014463876741184 1.0 0.0 1.0 5
3.460721860373323 1.0 4.0 1.0 6
0.749694601541335 1.0 0.0 1.0 8
2.6227406511424114 1.0 0.0 1.0 9
2.15497394611763 1.0 0.0 1.0 10
3.145203340036389 1.0 0.0 1.0 12
2.763443439994057 1.0 0.0 1.0 13
2.3373274333802385 1.0 0.0 1.0 14
1.7152279157562502 1.0 4.0 1.0 16
3.471341063322889 1.0 0.0 1.0 17
1.7419907586021035 1.0 4.0 1.0 18
0.0 1.8558841356101177 0.0 2.0 22
3.093989733088718 1.0 0.0 1.0 23
1.2713691522668944 1.0 4.0 1.0 24
4.750479743549906 1.0 5.0 1.0 25
1.341213087833849 1.0 4.0 1.0 27
4.353033999444469 1.0 5.0 1.0 28
1.5222051395739318 1.0 4.0 1.0 29
3.254699480272462 1.0 0.0 1.0 30
2.254793790388028 1.0 0.0 1.0 31
4.0 0.45918723587366944 4.0 0.0 32
0.0 0.5296022007356581 0.0 1.0 33
0.0 0.0801177313654618 0.0 0.0 34
3.542491442569007 1.0 0.0 1.0 35
3.0140470676861613 1.0 0.0 1.0 36
2.9493765289838194 1.0 0.0 1.0 37
0.0 1.6711633429885255 0.0 2.0 38
4.0 1.1316958972555948 4.0 1.0 39
0.5667181809737878 1.0 4.0 1.0 40
3.8331422010042484 1.0 0.0 1.0 41
3.5127945840767096 1.0 0.0 1.0 42
4.033251932007715 1.0 4.0 1.0 43
0.0 0.5530238684923254 0.0 0.0 44
0.0 0.5759344794420332 0.0 1.0 45
3.8571675693480802 1.0 0.0 1.0 46
3.985008559001962 1.0 0.0 1.0 47
4.41439671522404 1.0 4.0 1.0 48
0.0 0.829456173252997 0.0 1.0 49
4.0 1.3708743465896553 4.0 1.0 50
0.0 0.4965704503599231 0.0 1.0 51
0.0 1.124210401402367 0.0 1.0 52
4.0 0.6299197319597133 4.0 1.0 53
4.0 1.321180233711524 4.0 1.0 54
4.389673704466343 1.0 4.0 1.0 55
0.0 0.2591522602103113 0.0 1.0 56
4.0 1.8890011326440774 4.0 1.0 57
4.0 0.06659904080768798 4.0 1.0 58
4.89601772671314 1.0 4.0 1.0 59
0.0 0.0 0.0 1.0 60
4.0 2.0 4.0 1.0 61
*** t = 35
2.9766611243512116 1.0 4.0 1.0 0
0.5876789162800791 1.0 0.0 1.0 2
1.1814350275193612 1.0 0.0 1.0 3
2.683468616083175 1.0 4.0 1.0 4
0.5581612672632557 1.0 0.0 1.0 5
3.6145398555586103 1.0 4.0 1.0 6
0.5978979801678114 1.0 0.0 1.0 8
2.5378385315403547 1.0 0.0 1.0 9
2.0533658727646884 1.0 0.0 1.0 10
3.0738650069608653 1.0 0.0 1.0 12
2.673981177593819 1.0 0.0 1.0 13
2.230820530715448 1.0 0.0 1.0 14
1.828362412246094 1.0 4.0 1.0 16
3.407646940961343 1.0 0.0 1.0 17
1.8666267021749263 1.0 4.0 1.0 18
0.0 1.9486783423906235 0.0 2.0 22
2.9986892197431536 1.0 0.0 1.0 23
1.3909148971230467 1.0 4.0 1.0 24
4.842610256368323 1.0 5.0 1.0 25
1.4712804816023963 1.0 4.0 1.0 27
4.428202554969162 1.0 5.0 1.0 28
1.6798429607973024 1.0 4.0 1.0 29
3.145618197789491 1.0 0.0 1.0 30
2.08321840228728 1.0 0.0 1.0 31
4.0 0.3628864381157736 4.0 0.0 32
0.0 0.5674309293596337 0.0 1.0 33
3.438383688466793 1.0 0.0 1.0 35
2.8612814575081735 1.0 0.0 1.0 36
2.7916362619825748 1.0 0.0 1.0 37
0.0 1.810426954904236 0.0 2.0 38
4.0 1.0593372220268944 4.0 1.0 39
0.7233899990711665 1.0 4.0 1.0 40
3.7164564211046733 1.0 0.0 1.0 41
3.3640740424843805 1.0 0.0 1.0 42
3.9365771252084865 1.0 0.0 1.0 43
0.0 0.3922487427692504 0.0 0.0 44
0.0 0.6479262893722874 0.0 1.0 45
3.71431351551659 1.0 0.0 1.0 46
3.840009781716528 1.0 0.0 1.0 47
4.3307391031131885 1.0 4.0 1.0 48
0.0 0.9676988687951632 0.0 1.0 49
4.0 1.2660200710212646 4.0 1.0 50
0.0 0.6207130629499038 0.0 1.0 51
0.09473699824704121 1.0 4.0 1.0 52
4.0 0.7873996649496416 4.0 1.0 53
4.0 1.151475292139405 4.0 1.0 54
4.237092130582929 1.0 4.0 1.0 55
0.0 0.3887283903154669 0.0 1.0 56
4.0 1.8335016989661161 4.0 1.0 57
4.0 0.13319808161537597 4.0 1.0 58
4.79203545342628 1.0 4.0 1.0 59
0.0 0.13297941697630578 0.0 1.0 60
4.0 1.8392018527442535 4.0 1.0 61
0.0 2.0 0.0 1.0 62
*** t = 36
3.097166006907309 1.0 4.0 1.0 0
0.44979388241383145 1.0 0.0 1.0 2
1.0621048721293413 1.0 0.0 1.0 3
2.8022901843439225 1.0 4.0 1.0 4
0.4148761468523929 1.0 0.0 1.0 5
3.7683578507438975 1.0 4.0 1.0 6
0.4461013587942877 1.0 0.0 1.0 8
2.452936411938298 1.0 0.0 1.0 9
1.9517577994117465 1.0 0.0 1.0 10
3.002526673885342 1.0 0.0 1.0 12
2.5845189151935815 1.0 0.0 1.0 13
2.1243136280506576 1.0 0.0 1.0 14
1.9414969087359377 1.0 4.0 1.0 16
3.3439528185997967 1.0 0.0 1.0 17
1.9912626457477491 1.0 4.0 1.0 18
2.9033887063975894 1.0 0.0 1.0 23
1.510460641979199 1.0 4.0 1.0 24
4.934740769186739 1.0 5.0 1.0 25
1.6013478753709436 1.0 4.0 1.0 27
4.5033711104938545 1.0 5.0 1.0 28
1.837480782020673 1.0 4.0 1.0 29
3.03653691530652 1.0 0.0 1.0 30
1.9116430141865317 1.0 0.0 1.0 31
4.0 0.26658564035787774 4.0 0.0 32
0.0 0.6052596579836093 0.0 1.0 33
3.334275934364579 1.0 0.0 1.0 35
2.708515847330186 1.0 0.0 1.0 36
2.63389599498133 1.0 0.0 1.0 37
0.0 1.9496905668199465 0.0 2.0 38
4.0 0.9869785467981941 4.0 0.0 39
0.8800618171685453 1.0 4.0 1.0 40
3.5997706412050983 1.0 0.0 1.0 41
3.2153535008920513 1.0 0.0 1.0 42
3.8399023184092576 1.0 0.0 1.0 43
0.0 0.23147361704617542 0.0 0.0 44
0.0 0.7199180993025415 0.0 1.0 45
3.5714594616851 1.0 0.0 1.0 46
3.695011004431094 1.0 0.0 1.0 47
4.247081491002337 1.0 4.0 1.0 48
0.0 1.1059415643373294 0.0 2.0 49
4.0 1.1611657954528738 4.0 1.0 50
0.0 0.7448556755398845 0.0 1.0 51
0.3136843978964495 1.0 4.0 1.0 52
4.0 0.94487959793957 4.0 1.0 53
3.981770350567286 1.0 0.0 1.0 54
4.084510556699515 1.0 4.0 1.0 55
0.0 0.5183045204206226 0.0 1.0 56
4.0 1.7780022652881549 4.0 1.0 57
4.0 0.19979712242306397 4.0 1.0 58
4.68805318013942 1.0 4.0 1.0 59
0.0 0.26595883395261155 0.0 1.0 60
4.0 1.678403705488507 4.0 1.0 61
0.0 1.806234604106359 0.0 1.0 62
0.0 0.0 0.0 1.0 63
4.0 0.0 4.0 1.0 64
4.0 2.0 4.0 1.0 65
5.0 1.0 4.0 1.0 66
*** t = 37
3.2176708894634065 1.0 4.0 1.0 0
0.31190884854758383 1.0 0.0 1.0 2
0.9427747167393213 1.0 0.0 1.0 3
2.92111175260467 1.0 4.0 1.0 4
0.2715910264415301 1.0 0.0 1.0 5
3.9221758459291847 1.0 4.0 1.0 6
0.294304737420764 1.0 0.0 1.0 8
2.368034292336241 1.0 0.0 1.0 9
1.8501497260588047 1.0 0.0 1.0 10
2.9311883408098183 1.0 0.0 1.0 12
2.4950566527933438 1.0 0.0 1.0 13
2.017806725385867 1.0 0.0 1.0 14
2.0546314052257815 1.0 4.0 1.0 16
3.2802586962382505 1.0 0.0 1.0 17
2.115898589320572 1.0 4.0 1.0 18
2.808088193052025 1.0 0.0 1.0 23
1.6300063868353514 1.0 4.0 1.0 24
1.7314152691394908 1.0 4.0 1.0 27
4.578539666018547 1.0 5.0 1.0 28
1.9951186032440438 1.0 4.0 1.0 29
2.927455632823549 1.0 0.0 1.0 30
1.7400676260857835 1.0 0.0 1.0 31
4.0 0.1702848425999819 4.0 0.0 32
0.0 0.6430883866075848 0.0 1.0 33
3.230168180262365 1.0 0.0 1.0 35
2.555750237152198 1.0 0.0 1.0 36
2.4761557279800854 1.0 0.0 1.0 37
4.0 0.9146198715694938 4.0 0.0 39
1.036733635265924 1.0 4.0 1.0 40
3.483084861305523 1.0 0.0 1.0 41
3.066632959299722 1.0 0.0 1.0 42
3.7432275116100286 1.0 0.0 1.0 43
0.0 0.07069849132310041 0.0 0.0 44
0.0 0.7919099092327956 0.0 1.0 45
3.4286054078536097 1.0 0.0 1.0 46
3.5500122271456602 1.0 0.0 1.0 47
4.163423878891486 1.0 4.0 1.0 48
0.0 1.2441842598794954 0.0 2.0 49
4.0 1.056311519884483 4.0 1.0 50
0.0 0.8689982881298652 0.0 1.0 51
0.5326317975458578 1.0 4.0 1.0 52
4.1023595309294985 1.0 5.0 1.0 53
3.812065408995167 1.0 0.0 1.0 54
3.931928982816101 1.0 0.0 1.0 55
0.0 0.6478806505257783 0.0 1.0 56
4.0 1.7225028316101936 4.0 1.0 57
4.0 0.26639616323075194 4.0 1.0 58
4.58407090685256 1.0 4.0 1.0 59
0.0 0.3989382509289173 0.0 1.0 60
4.0 1.5176055582327606 4.0 1.0 61
0.0 1.612469208212718 0.0 1.0 62
0.0 0.1150832729307566 0.0 1.0 63
4.0 0.07841186579805798 4.0 1.0 64
4.0 1.888718099994598 4.0 1.0 65
4.896545736269574 1.0 4.0 1.0 66
*** t = 38
3.338175772019504 1.0 4.0 1.0 0
0.1740238146813362 1.0 0.0 1.0 2
0.8234445613493013 1.0 0.0 1.0 3
3.0399333208654173 1.0 4.0 1.0 4
0.12830590603066733 1.0 0.0 1.0 5
4.0 0.9240061588855284 4.0 0.0 6
0.14250811604724034 1.0 0.0 1.0 8
2.2831321727341845 1.0 0.0 1.0 9
1.7485416527058628 1.0 0.0 1.0 10
2.8598500077342948 1.0 0.0 1.0 12
2.405594390393106 1.0 0.0 1.0 13
1.9112998227210767 1.0 0.0 1.0 14
2.1677659017156254 1.0 4.0 1.0 16
3.2165645738767044 1.0 0.0 1.0 17
2.240534532893395 1.0 4.0 1.0 18
2.712787679706461 1.0 0.0 1.0 23
1.7495521316915037 1.0 4.0 1.0 24
1.861482662908038 1.0 4.0 1.0 27
4.65370822154324 1.0 5.0 1.0 28
2.1527564244674147 1.0 4.0 1.0 29
2.818374350340578 1.0 0.0 1.0 30
1.5684922379850352 1.0 0.0 1.0 31
4.0 0.07398404484208605 4.0 0.0 32
0.0 0.6809171152315604 0.0 1.0 33
3.126060426160151 1.0 0.0 1.0 35
2.4029846269742103 1.0 0.0 1.0 36
2.3184154609788408 1.0 0.0 1.0 37
4.0 0.8422611963407934 4.0 0.0 39
1.1934054533633027 1.0 4.0 1.0 40
3.366399081405948 1.0 0.0 1.0 41
2.917912417707393 1.0 0.0 1.0 42
3.6465527048107997 1.0 0.0 1.0 43
0.0 0.8639017191630497 0.0 1.0 45
3.2857513540221195 1.0 0.0 1.0 46
3.4050134498602262 1.0 0.0 1.0 47
4.079766266780634 1.0 4.0 1.0 48
0.0 1.3824269554216615 0.0 2.0 49
4.048542755683908 1.0 5.0 1.0 50
0.0 0.993140900719846 0.0 1.0 51
0.751579197195266 1.0 4.0 1.0 52
4.259839463919427 1.0 5.0 1.0 53
3.642360467423048 1.0 0.0 1.0 54
3.7793474089326873 1.0 0.0 1.0 55
0.0 0.7774567806309339 0.0 1.0 56
4.0 1.6670033979322323 4.0 1.0 57
4.0 0.3329952040384399 4.0 1.0 58
4.4800886335657 1.0 4.0 1.0 59
0.0 0.5319176679052231 0.0 1.0 60
4.0 1.356807410977014 4.0 1.0 61
0.0 1.4187038123190772 0.0 1.0 62
0.0 0.2301665458615132 0.0 1.0 63
4.0 0.15682373159611596 4.0 1.0 64
4.0 1.777436199989196 4.0 1.0 65
4.793091472539148 1.0 4.0 1.0 66
0.0 0.0 0.0 1.0 67
4.0 2.0 4.0 1.0 68
*** t = 39
3.4586806545756015 1.0 4.0 1.0 0
0.03613878081508859 1.0 0.0 1.0 2
0.7041144059592813 1.0 0.0 1.0 3
3.1587548891261648 1.0 4.0 1.0 4
0.0 1.0149792143801954 0.0 2.0 5
4.0 0.7701881637002415 4.0 0.0 6
0.0 1.0092885053262832 0.0 2.0 8
2.1982300531321277 1.0 0.0 1.0 9
1.646933579352921 1.0 0.0 1.0 10
2.7885116746587713 1.0 0.0 1.0 12
2.3161321279928684 1.0 0.0 1.0 13
1.8047929200562862 1.0 0.0 1.0 14
2.2809003982054694 1.0 4.0 1.0 16
3.152870451515158 1.0 0.0 1.0 17
2.365170476466218 1.0 4.0 1.0 18
2.6174871663608967 1.0 0.0 1.0 23
1.869097876547656 1.0 4.0 1.0 24
1.9915500566765854 1.0 4.0 1.0 27
4.728876777067932 1.0 5.0 1.0 28
2.3103942456907856 1.0 4.0 1.0 29
2.709293067857607 1.0 0.0 1.0 30
1.396916849884287 1.0 0.0 1.0 31
0.0 0.718745843855536 0.0 1.0 33
3.021952672057937 1.0 0.0 1.0 35
2.2502190167962226 1.0 0.0 1.0 36
2.160675193977596 1.0 0.0 1.0 37
4.0 0.7699025211120931 4.0 0.0 39
1.3500772714606815 1.0 4.0 1.0 40
3.249713301506373 1.0 0.0 1.0 41
2.769191876115064 1.0 0.0 1.0 42
3.549877898011571 1.0 0.0 1.0 43
0.0 0.9358935290933038 0.0 1.0 45
3.1428973001906293 1.0 0.0 1.0 46
3.2600146725747923 1.0 0.0 1.0 47
3.9961086546697833 1.0 0.0 1.0 48
0.0 1.5206696509638276 0.0 2.0 49
4.1533970312522985 1.0 5.0 1.0 50
0.0 1.1172835133098267 0.0 2.0 51
0.9705265968446742 1.0 4.0 1.0 52
4.417319396909355 1.0 5.0 1.0 53
3.4726555258509286 1.0 0.0 1.0 54
3.6267658350492735 1.0 0.0 1.0 55
0.0 0.9070329107360896 0.0 1.0 56
4.0 1.611503964254271 4.0 1.0 57
4.0 0.3995942448461279 4.0 1.0 58
4.37610636027884 1.0 4.0 1.0 59
0.0 0.6648970848815289 0.0 1.0 60
4.0 1.1960092637212676 4.0 1.0 61
0.0 1.2249384164254362 0.0 1.0 62
0.0 0.3452498187922698 0.0 1.0 63
4.0 0.23523559739417393 4.0 1.0 64
4.0 1.6661542999837942 4.0 1.0 65
4.689637208808722 1.0 4.0 1.0 66
0.0 0.1716728351000625 0.0 1.0 67
4.0 1.8705919544240364 4.0 1.0 68
4.0 0.0 4.0 1.0 69
5.0 1.0 4.0 1.0 70
*** t = 40
3.579185537131699 1.0 4.0 1.0 0
0.0 1.101746253051159 0.0 2.0 2
0.5847842505692613 1.0 0.0 1.0 3
3.277576457386912 1.0 4.0 1.0 4
0.0 1.1582643347910582 0.0 2.0 5
4.0 0.6163701685149545 4.0 0.0 6
0.0 1.161085126699807 0.0 2.0 8
2.113327933530071 1.0 0.0 1.0 9
1.545325505999979 1.0 0.0 1.0 10
2.7171733415832477 1.0 0.0 1.0 12
2.2266698655926307 1.0 0.0 1.0 13
1.6982860173914958 1.0 0.0 1.0 14
2.3940348946953134 1.0 4.0 1.0 16
3.089176329153612 1.0 0.0 1.0 17
2.489806420039041 1.0 4.0 1.0 18
2.5221866530153325 1.0 0.0 1.0 23
1.9886436214038083 1.0 4.0 1.0 24
2.1216174504451324 1.0 4.0 1.0 27
4.804045332592625 1.0 5.0 1.0 28
2.4680320669141564 1.0 4.0 1.0 29
2.600211785374636 1.0 0.0 1.0 30
1.2253414617835388 1.0 0.0 1.0 31
0.0 0.7565745724795115 0.0 1.0 33
2.917844917955723 1.0 0.0 1.0 35
2.097453406618235 1.0 0.0 1.0 36
2.0029349269763514 1.0 0.0 1.0 37
4.0 0.6975438458833928 4.0 0.0 39
1.5067490895580602 1.0 4.0 1.0 40
3.133027521606798 1.0 0.0 1.0 41
2.6204713345227346 1.0 0.0 1.0 42
3.453203091212342 1.0 0.0 1.0 43
0.007885339023557966 1.0 4.0 1.0 45
3.000043246359139 1.0 0.0 1.0 46
3.1150158952893583 1.0 0.0 1.0 47
3.9124510425589323 1.0 0.0 1.0 48
0.0 1.6589123465059936 0.0 2.0 49
4.258251306820689 1.0 5.0 1.0 50
0.0 1.2414261258998074 0.0 2.0 51
1.1894739964940826 1.0 4.0 1.0 52
4.5747993298992835 1.0 5.0 1.0 53
3.3029505842788094 1.0 0.0 1.0 54
3.4741842611658598 1.0 0.0 1.0 55
0.0 1.0366090408412452 0.0 2.0 56
4.0 1.5560045305763097 4.0 1.0 57
4.0 0.46619328565381585 4.0 1.0 58
4.27212408699198 1.0 4.0 1.0 59
0.0 0.7978765018578347 0.0 1.0 60
4.0 1.035211116465521 4.0 1.0 61
0.0 1.0311730205317953 0.0 1.0 62
0.0 0.4603330917230264 0.0 1.0 63
4.0 0.3136474631922319 4.0 1.0 64
4.0 1.5548723999783922 4.0 1.0 65
4.586182945078296 1.0 4.0 1.0 66
0.0 0.343345670200125 0.0 1.0 67
4.0 1.7411839088480727 4.0 1.0 68
4.0 0.12822775797746203 4.0 1.0 69
4.852879354160861 1.0 4.0 1.0 70
0.0 0.0 0.0 1.0 71
0.0 2.0 0.0 1.0 72
4.0 2.0 4.0 1.0 73
*** t = 41
3.6996904196877964 1.0 4.0 1.0 0
0.0 1.2396312869174066 0.0 2.0 2
0.4654540951792413 1.0 0.0 1.0 3
3.3963980256476596 1.0 4.0 1.0 4
0.0 1.301549455201921 0.0 2.0 5
4.0 0.4625521733296676 4.0 0.0 6
0.0 1.3128817480733308 0.0 2.0 8
2.0284258139280142 1.0 0.0 1.0 9
1.4437174326470372 1.0 0.0 1.0 10
2.6458350085077242 1.0 0.0 1.0 12
2.137207603192393 1.0 0.0 1.0 13
1.5917791147267053 1.0 0.0 1.0 14
2.5071693911851574 1.0 4.0 1.0 16
3.025482206792066 1.0 0.0 1.0 17
2.614442363611864 1.0 4.0 1.0 18
2.4268861396697683 1.0 0.0 1.0 23
2.108189366259961 1.0 4.0 1.0 24
2.2516848442136794 1.0 4.0 1.0 27
4.8792138881173175 1.0 5.0 1.0 28
2.6256698881375273 1.0 4.0 1.0 29
2.491130502891665 1.0 0.0 1.0 30
1.0537660736827905 1.0 0.0 1.0 31
0.0 0.7944033011034871 0.0 1.0 33
2.813737163853509 1.0 0.0 1.0 35
1.9446877964402474 1.0 0.0 1.0 36
1.845194659975107 1.0 0.0 1.0 37
4.0 0.6251851706546925 4.0 0.0 39
1.663420907655439 1.0 4.0 1.0 40
3.016341741707223 1.0 0.0 1.0 41
2.4717507929304054 1.0 0.0 1.0 42
3.356528284413113 1.0 0.0 1.0 43
0.07987714895381212 1.0 4.0 1.0 45
2.857189192527649 1.0 0.0 1.0 46
2.9700171180039243 1.0 0.0 1.0 47
3.8287934304480813 1.0 0.0 1.0 48
0.0 1.7971550420481597 0.0 2.0 49
4.36310558238908 1.0 5.0 1.0 50
0.0 1.365568738489788 0.0 2.0 51
1.4084213961434908 1.0 4.0 1.0 52
4.732279262889212 1.0 5.0 1.0 53
3.13324564270669 1.0 0.0 1.0 54
3.321602687282446 1.0 0.0 1.0 55
0.0 1.1661851709464008 0.0 2.0 56
4.0 1.5005050968983484 4.0 1.0 57
4.0 0.5327923264615039 4.0 1.0 58
4.16814181370512 1.0 4.0 1.0 59
0.0 0.9308559188341404 0.0 1.0 60
3.8744129692097746 1.0 0.0 1.0 61
0.16259237536184576 1.0 4.0 1.0 62
0.0 0.575416364653783 0.0 1.0 63
4.0 0.3920593289902899 4.0 1.0 64
4.0 1.4435904999729903 4.0 1.0 65
4.4827286813478695 1.0 4.0 1.0 66
0.0 0.5150185053001876 0.0 1.0 67
4.0 1.611775863272109 4.0 1.0 68
4.0 0.25645551595492405 4.0 1.0 69
4.7057587083217225 1.0 4.0 1.0 70
0.0 0.14255949078421107 0.0 1.0 71
0.0 1.8311694283045197 0.0 1.0 72
4.0 1.8666424241682882 4.0 1.0 73
*** t = 42
3.820195302243894 1.0 4.0 1.0 0
0.0 1.3775163207836543 0.0 2.0 2
0.3461239397892213 1.0 0.0 1.0 3
3.515219593908407 1.0 4.0 1.0 4
0.0 1.4448345756127836 0.0 2.0 5
4.0 0.30873417814438064 4.0 0.0 6
0.0 1.4646783694468546 0.0 2.0 8
1.9435236943259575 1.0 0.0 1.0 9
1.3421093592940954 1.0 0.0 1.0 10
2.5744966754322007 1.0 0.0 1.0 12
2.0477453407921553 1.0 0.0 1.0 13
1.4852722120619148 1.0 0.0 1.0 14
2.6203038876750013 1.0 4.0 1.0 16
2.9617880844305198 1.0 0.0 1.0 17
2.739078307184687 1.0 4.0 1.0 18
2.331585626324204 1.0 0.0 1.0 23
2.227735111116113 1.0 4.0 1.0 24
2.3817522379822265 1.0 4.0 1.0 27
4.95438244364201 1.0 5.0 1.0 28
2.783307709360898 1.0 4.0 1.0 29
2.382049220408694 1.0 0.0 1.0 30
0.8821906855820422 1.0 0.0 1.0 31
0.0 0.8322320297274627 0.0 1.0 33
2.709629409751295 1.0 0.0 1.0 35
1.7919221862622599 1.0 0.0 1.0 36
1.6874543929738626 1.0 0.0 1.0 37
4.0 0.5528264954259922 4.0 0.0 39
1.8200927257528177 1.0 4.0 1.0 40
2.899655961807648 1.0 0.0 1.0 41
2.3230302513380763 1.0 0.0 1.0 42
3.259853477613884 1.0 0.0 1.0 43
0.15186895888406626 1.0 4.0 1.0 45
2.7143351386961587 1.0 0.0 1.0 46
2.8250183407184903 1.0 0.0 1.0 47
3.7451358183372303 1.0 0.0 1.0 48
0.0 1.9353977375903257 0.0 2.0 49
4.467959857957471 1.0 5.0 1.0 50
0.0 1.4897113510797688 0.0 2.0 51
1.627368795792899 1.0 4.0 1.0 52
4.88975919587914 1.0 5.0 1.0 53
2.963540701134571 1.0 0.0 1.0 54
3.1690211133990323 1.0 0.0 1.0 55
0.0 1.2957613010515565 0.0 2.0 56
4.0 1.4450056632203871 4.0 1.0 57
4.0 0.5993913672691918 4.0 1.0 58
4.0641595404182596 1.0 4.0 1.0 59
0.0 1.0638353358104462 0.0 2.0 60
3.713614821954028 1.0 0.0 1.0 61
0.3563577712554868 1.0 4.0 1.0 62
0.0 0.6904996375845396 0.0 1.0 63
4.0 0.47047119478834787 4.0 1.0 64
4.0 1.3323085999675883 4.0 1.0 65
4.379274417617443 1.0 4.0 1.0 66
0.0 0.68669134040025 0.0 1.0 67
4.0 1.4823678176961455 4.0 1.0 68
4.0 0.3846832739323861 4.0 1.0 69
4.558638062482584 1.0 4.0 1.0 70
0.0 0.28511898156842214 0.0 1.0 71
0.0 1.6623388566090394 0.0 1.0 72
4.0 1.7332848483365764 4.0 1.0 73
0.0 0.0 0.0 1.0 74
4.0 0.0 4.0 1.0 75
4.0 2.0 4.0 1.0 76
5.0 1.0 4.0 1.0 77
*** t = 43
3.9407001847999914 1.0 4.0 1.0 0
0.0 1.5154013546499019 0.0 2.0 2
0.22679378439920128 1.0 0.0 1.0 3
3.6340411621691544 1.0 4.0 1.0 4
0.0 1.5881196960236463 0.0 2.0 5
4.0 0.1549161829590937 4.0 0.0 6
0.0 1.6164749908203784 0.0 2.0 8
1.8586215747239008 1.0 0.0 1.0 9
1.2405012859411535 1.0 0.0 1.0 10
2.5031583423566772 1.0 0.0 1.0 12
1.9582830783919176 1.0 0.0 1.0 13
1.3787653093971244 1.0 0.0 1.0 14
2.7334383841648453 1.0 4.0 1.0 16
2.8980939620689736 1.0 0.0 1.0 17
2.86371425075751 1.0 4.0 1.0 18
2.23628511297864 1.0 0.0 1.0 23
2.3472808559722655 1.0 4.0 1.0 24
2.5118196317507735 1.0 4.0 1.0 27
2.940945530584269 1.0 4.0 1.0 29
2.272967937925723 1.0 0.0 1.0 30
0.7106152974812938 1.0 0.0 1.0 31
0.0 0.8700607583514383 0.0 1.0 33
2.6055216556490812 1.0 0.0 1.0 35
1.6391565760842723 1.0 0.0 1.0 36
1.5297141259726181 1.0 0.0 1.0 37
4.0 0.48046782019729184 4.0 0.0 39
1.9767645438501964 1.0 4.0 1.0 40
2.7829701819080728 1.0 0.0 1.0 41
2.174309709745747 1.0 0.0 1.0 42
3.163178670814655 1.0 0.0 1.0 43
0.22386076881432043 1.0 4.0 1.0 45
2.5714810848646685 1.0 0.0 1.0 46
2.6800195634330564 1.0 0.0 1.0 47
3.6614782062263793 1.0 0.0 1.0 48
4.572814133525862 1.0 5.0 1.0 50
0.0 1.6138539636697495 0.0 2.0 51
1.8463161954423073 1.0 4.0 1.0 52
2.7938357595624517 1.0 0.0 1.0 54
3.0164395395156185 1.0 0.0 1.0 55
0.0 1.4253374311567122 0.0 2.0 56
4.0 1.3895062295424259 4.0 1.0 57
4.0 0.6659904080768798 4.0 1.0 58
4.0 1.0398227328686005 4.0 2.0 59
0.0 1.1968147527867519 0.0 2.0 60
3.5528166746982817 1.0 0.0 1.0 61
0.5501231671491278 1.0 4.0 1.0 62
0.0 0.8055829105152962 0.0 1.0 63
4.0 0.5488830605864059 4.0 1.0 64
4.0 1.2210266999621864 4.0 1.0 65
4.275820153887017 1.0 4.0 1.0 66
0.0 0.8583641755003125 0.0 1.0 67
4.0 1.3529597721201818 4.0 1.0 68
4.0 0.5129110319098481 4.0 1.0 69
4.411517416643445 1.0 4.0 1.0 70
0.0 0.42767847235263323 0.0 1.0 71
0.0 1.493508284913559 0.0 1.0 72
4.0 1.5999272725048646 4.0 1.0 73
0.0 0.1416518283184895 0.0 1.0 74
4.0 0.11375889228340036 4.0 1.0 75
4.0 1.871273650164808 4.0 1.0 76
4.8725529350245225 1.0 4.0 1.0 77
*** t = 44
4.0 0.9387949326439113 4.0 0.0 0
0.0 1.6532863885161495 0.0 2.0 2
0.10746362900918129 1.0 0.0 1.0 3
3.752862730429902 1.0 4.0 1.0 4
0.0 1.731404816434509 0.0 2.0 5
4.0 0.0010981877738067691 4.0 0.0 6
0.0 1.7682716121939022 0.0 2.0 8
1.773719455121844 1.0 0.0 1.0 9
1.1388932125882116 1.0 0.0 1.0 10
2.4318200092811537 1.0 0.0 1.0 12
1.86882081599168 1.0 0.0 1.0 13
1.272258406732334 1.0 0.0 1.0 14
2.8465728806546893 1.0 4.0 1.0 16
2.8343998397074275 1.0 0.0 1.0 17
2.988350194330333 1.0 4.0 1.0 18
2.1409845996330756 1.0 0.0 1.0 23
2.466826600828418 1.0 4.0 1.0 24
2.6418870255193205 1.0 4.0 1.0 27
3.09858335180764 1.0 4.0 1.0 29
2.163886655442752 1.0 0.0 1.0 30
0.5390399093805455 1.0 0.0 1.0 31
0.0 0.9078894869754138 0.0 1.0 33
2.5014139015468673 1.0 0.0 1.0 35
1.4863909659062848 1.0 0.0 1.0 36
1.3719738589713737 1.0 0.0 1.0 37
4.0 0.4081091449685915 4.0 0.0 39
2.133436361947575 1.0 4.0 1.0 40
2.6662844020084977 1.0 0.0 1.0 41
2.025589168153418 1.0 0.0 1.0 42
3.0665038640154263 1.0 0.0 1.0 43
0.2958525787445746 1.0 4.0 1.0 45
2.4286270310331783 1.0 0.0 1.0 46
2.5350207861476224 1.0 0.0 1.0 47
3.5778205941155283 1.0 0.0 1.0 48
4.677668409094252 1.0 5.0 1.0 50
0.0 1.7379965762597303 0.0 2.0 51
2.0652635950917158 1.0 4.0 1.0 52
2.6241308179903324 1.0 0.0 1.0 54
2.8638579656322047 1.0 0.0 1.0 55
0.0 1.5549135612618679 0.0 2.0 56
4.0 1.3340067958644646 4.0 1.0 57
4.0 0.7325894488845678 4.0 1.0 58
4.0 1.1438050061554605 4.0 2.0 59
0.0 1.3297941697630575 0.0 2.0 60
3.392018527442535 1.0 0.0 1.0 61
0.7438885630427688 1.0 4.0 1.0 62
0.0 0.9206661834460528 0.0 1.0 63
4.0 0.6272949263844638 4.0 1.0 64
4.0 1.1097447999567844 4.0 1.0 65
4.172365890156591 1.0 4.0 1.0 66
0.03003701060037503 1.0 4.0 1.0 67
4.0 1.2235517265442182 4.0 1.0 68
4.0 0.6411387898873101 4.0 1.0 69
4.264396770804306 1.0 4.0 1.0 70
0.0 0.5702379631368443 0.0 1.0 71
0.0 1.3246777132180787 0.0 1.0 72
4.0 1.4665696966731527 4.0 1.0 73
0.0 0.283303656636979 0.0 1.0 74
4.0 0.22751778456680072 4.0 1.0 75
4.0 1.742547300329616 4.0 1.0 76
4.745105870049045 1.0 4.0 1.0 77
0.0 0.0 0.0 1.0 78
4.0 2.0 4.0 1.0 79
*** t = 45
4.0 0.8182900500878141 4.0 0.0 0
0.0 1.7911714223823971 0.0 2.0 2
0.0 1.0118665263808386 0.0 2.0 3
3.8716842986906492 1.0 4.0 1.0 4
0.0 1.8746899368453718 0.0 2.0 5
0.0 1.920068233567426 0.0 2.0 8
1.6888173355197873 1.0 0.0 1.0 9
1.0372851392352698 1.0 0.0 1.0 10
2.36048167620563 1.0 0.0 1.0 12
1.7793585535914422 1.0 0.0 1.0 13
1.1657515040675435 1.0 0.0 1.0 14
2.9597073771445332 1.0 4.0 1.0 16
2.7707057173458813 1.0 0.0 1.0 17
3.1129861379031563 1.0 4.0 1.0 18
2.0456840862875114 1.0 0.0 1.0 23
2.58637234568457 1.0 4.0 1.0 24
2.7719544192878676 1.0 4.0 1.0 27
3.256221173031011 1.0 4.0 1.0 29
2.054805372959781 1.0 0.0 1.0 30
0.3674645212797971 1.0 0.0 1.0 31
0.0 0.9457182155993894 0.0 1.0 33
2.3973061474446533 1.0 0.0 1.0 35
1.3336253557282973 1.0 0.0 1.0 36
1.2142335919701293 1.0 0.0 1.0 37
4.0 0.3357504697398912 4.0 0.0 39
2.290108180044954 1.0 4.0 1.0 40
2.5495986221089226 1.0 0.0 1.0 41
1.876868626561089 1.0 0.0 1.0 42
2.9698290572161974 1.0 0.0 1.0 43
0.36784438867482877 1.0 4.0 1.0 45
2.285772977201688 1.0 0.0 1.0 46
2.3900220088621884 1.0 0.0 1.0 47
3.4941629820046773 1.0 0.0 1.0 48
4.782522684662643 1.0 5.0 1.0 50
0.0 1.862139188849711 0.0 2.0 51
2.284210994741124 1.0 4.0 1.0 52
2.454425876418213 1.0 0.0 1.0 54
2.711276391748791 1.0 0.0 1.0 55
0.0 1.6844896913670235 0.0 2.0 56
4.0 1.2785073621865033 4.0 1.0 57
4.0 0.7991884896922558 4.0 1.0 58
4.0 1.2477872794423206 4.0 2.0 59
0.0 1.4627735867393632 0.0 2.0 60
3.2312203801867887 1.0 0.0 1.0 61
0.9376539589364099 1.0 4.0 1.0 62
0.035749456376809374 1.0 4.0 1.0 63
4.0 0.7057067921825217 4.0 1.0 64
4.0 0.9984628999513825 4.0 0.0 65
4.068911626426165 1.0 4.0 1.0 66
0.20170984570043754 1.0 4.0 1.0 67
4.0 1.0941436809682545 4.0 1.0 68
4.0 0.7693665478647721 4.0 1.0 69
4.1172761249651675 1.0 4.0 1.0 70
0.0 0.7127974539210553 0.0 1.0 71
0.0 1.1558471415225984 0.0 1.0 72
4.0 1.333212120841441 4.0 1.0 73
0.0 0.4249554849554685 0.0 1.0 74
4.0 0.3412766768502011 4.0 1.0 75
4.0 1.6138209504944239 4.0 1.0 76
4.617658805073567 1.0 4.0 1.0 77
0.0 0.184828565808285 0.0 1.0 78
4.0 1.891743143940138 4.0 1.0 79
0.0 2.0 0.0 1.0 80
4.0 0.0 4.0 1.0 81
5.0 1.0 4.0 1.0 82
*** t = 46
4.0 0.6977851675317168 4.0 0.0 0
0.0 1.9290564562486447 0.0 2.0 2
0.0 1.1311966817708585 0.0 2.0 3
3.9905058669513966 1.0 4.0 1.0 4
1.6039152159177306 1.0 0.0 1.0 9
0.9356770658823279 1.0 0.0 1.0 10
2.2891433431301067 1.0 0.0 1.0 12
1.6898962911912045 1.0 0.0 1.0 13
1.059244601402753 1.0 0.0 1.0 14
3.072841873634377 1.0 4.0 1.0 16
2.707011594984335 1.0 0.0 1.0 17
3.2376220814759793 1.0 4.0 1.0 18
1.9503835729419474 1.0 0.0 1.0 23
2.7059180905407225 1.0 4.0 1.0 24
2.9020218130564146 1.0 4.0 1.0 27
3.4138589942543818 1.0 4.0 1.0 29
1.9457240904768096 1.0 0.0 1.0 30
0.19588913317904877 1.0 0.0 1.0 31
0.0 0.983546944223365 0.0 1.0 33
2.2931983933424394 1.0 0.0 1.0 35
1.1808597455503098 1.0 0.0 1.0 36
1.0564933249688848 1.0 0.0 1.0 37
4.0 0.2633917945111909 4.0 0.0 39
2.446779998142333 1.0 4.0 1.0 40
2.4329128422093476 1.0 0.0 1.0 41
1.72814808496876 1.0 0.0 1.0 42
2.8731542504169685 1.0 0.0 1.0 43
0.43983619860508294 1.0 4.0 1.0 45
2.142918923370198 1.0 0.0 1.0 46
2.2450232315767544 1.0 0.0 1.0 47
3.4105053698938264 1.0 0.0 1.0 48
4.887376960231034 1.0 5.0 1.0 50
0.0 1.9862818014396917 0.0 2.0 51
2.5031583943905322 1.0 4.0 1.0 52
2.284720934846094 1.0 0.0 1.0 54
2.5586948178653772 1.0 0.0 1.0 55
0.0 1.8140658214721792 0.0 2.0 56
4.0 1.223007928508542 4.0 1.0 57
4.0 0.8657875304999437 4.0 1.0 58
4.0 1.3517695527291806 4.0 2.0 59
0.0 1.5957530037156689 0.0 2.0 60
3.070422232931042 1.0 0.0 1.0 61
1.1314193548300508 1.0 4.0 1.0 62
0.15083272930756597 1.0 4.0 1.0 63
4.0 0.7841186579805797 4.0 1.0 64
4.0 0.8871809999459805 4.0 0.0 65
4.0 1.0345426373042614 4.0 2.0 66
0.3733826808005001 1.0 4.0 1.0 67
3.964735635392291 1.0 0.0 1.0 68
4.0 0.8975943058422341 4.0 1.0 69
4.0 0.9701554791260286 4.0 0.0 70
0.0 0.8553569447052664 0.0 1.0 71
0.0 0.987016569827118 0.0 0.0 72
4.0 1.199854545009729 4.0 1.0 73
0.0 0.566607313273958 0.0 1.0 74
4.0 0.45503556913360144 4.0 1.0 75
4.0 1.4850946006592318 4.0 1.0 76
4.49021174009809 1.0 4.0 1.0 77
0.0 0.36965713161657 0.0 1.0 78
4.0 1.783486287880276 4.0 1.0 79
0.0 1.8966979228506895 0.0 1.0 80
4.0 0.10369209056713492 4.0 1.0 81
4.906222942531578 1.0 4.0 1.0 82
0.0 0.0 0.0 1.0 83
4.0 2.0 4.0 1.0 84
*** t = 47
4.0 0.5772802849756196 4.0 0.0 0
0.0 1.2505268371608784 0.0 2.0 3
4.0 1.1093274352121443 4.0 2.0 4
1.5190130963156738 1.0 0.0 1.0 9
0.834068992529386 1.0 0.0 1.0 10
2.217805010054583 1.0 0.0 1.0 12
1.6004340287909669 1.0 0.0 1.0 13
0.9527376987379627 1.0 0.0 1.0 14
3.185976370124221 1.0 4.0 1.0 16
2.643317472622789 1.0 0.0 1.0 17
3.3622580250488023 1.0 4.0 1.0 18
1.8550830595963834 1.0 0.0 1.0 23
2.825463835396875 1.0 4.0 1.0 24
3.0320892068249616 1.0 4.0 1.0 27
3.5714968154777527 1.0 4.0 1.0 29
1.8366428079938384 1.0 0.0 1.0 30
0.02431374507830042 1.0 0.0 1.0 31
0.02137567284734055 1.0 4.0 1.0 33
2.1890906392402254 1.0 0.0 1.0 35
1.0280941353723223 1.0 0.0 1.0 36
0.8987530579676404 1.0 0.0 1.0 37
4.0 0.19103311928249053 4.0 0.0 39
2.603451816239712 1.0 4.0 1.0 40
2.3162270623097725 1.0 0.0 1.0 41
1.579427543376431 1.0 0.0 1.0 42
2.7764794436177396 1.0 0.0 1.0 43
0.511828008535337 1.0 4.0 1.0 45
2.0000648695387078 1.0 0.0 1.0 46
2.1000244542913205 1.0 0.0 1.0 47
3.3268477577829754 1.0 0.0 1.0 48
4.992231235799425 1.0 5.0 1.0 50
2.7221057940399405 1.0 4.0 1.0 52
2.1150159932739747 1.0 0.0 1.0 54
2.4061132439819635 1.0 0.0 1.0 55
0.0 1.9436419515773349 0.0 2.0 56
4.0 1.1675084948305807 4.0 1.0 57
4.0 0.9323865713076317 4.0 1.0 58
4.0 1.4557518260160407 4.0 2.0 59
0.0 1.7287324206919745 0.0 2.0 60
2.9096240856752957 1.0 0.0 1.0 61
1.3251847507236918 1.0 4.0 1.0 62
0.26591600223832257 1.0 4.0 1.0 63
4.0 0.8625305237786376 4.0 1.0 64
4.0 0.7758990999405786 4.0 0.0 65
4.0 1.137996901034688 4.0 2.0 66
0.5450555159005626 1.0 4.0 1.0 67
3.8353275898163273 1.0 0.0 1.0 68
3.974177936180304 1.0 0.0 1.0 69
4.0 0.8230348332868898 4.0 0.0 70
0.0 0.9979164354894774 0.0 1.0 71
0.0 0.8181859981316377 0.0 0.0 72
4.0 1.0664969691780173 4.0 1.0 73
0.0 0.7082591415924475 0.0 1.0 74
4.0 0.5687944614170017 4.0 1.0 75
4.0 1.3563682508240398 4.0 1.0 76
4.362764675122612 1.0 4.0 1.0 77
0.0 0.554485697424855 0.0 1.0 78
4.0 1.675229431820414 4.0 1.0 79
0.0 1.793395845701379 0.0 1.0 80
4.0 0.20738418113426985 4.0 1.0 81
4.8124458850631555 1.0 4.0 1.0 82
0.0 0.140200342196129 0.0 1.0 83
4.0 1.86479204047203 4.0 1.0 84
*** t = 48
4.0 0.4567754024195223 4.0 0.0 0
0.0 1.3698569925508983 0.0 2.0 3
4.0 1.228149003472892 4.0 2.0 4
1.434110976713617 1.0 0.0 1.0 9
0.7324609191764442 1.0 0.0 1.0 10
2.1464666769790597 1.0 0.0 1.0 12
1.5109717663907292 1.0 0.0 1.0 13
0.8462307960731723 1.0 0.0 1.0 14
3.299110866614065 1.0 4.0 1.0 16
2.579623350261243 1.0 0.0 1.0 17
3.4868939686216254 1.0 4.0 1.0 18
1.7597825462508194 1.0 0.0 1.0 23
2.945009580253027 1.0 4.0 1.0 24
3.1621566005935087 1.0 4.0 1.0 27
3.7291346367011236 1.0 4.0 1.0 29
1.7275615255108672 1.0 0.0 1.0 30
0.0 0.8527383569775521 0.0 0.0 31
0.05920440147131613 1.0 4.0 1.0 33
2.0849828851380114 1.0 0.0 1.0 35
0.8753285251943348 1.0 0.0 1.0 36
0.7410127909663959 1.0 0.0 1.0 37
4.0 0.11867444405379018 4.0 0.0 39
2.760123634337091 1.0 4.0 1.0 40
2.1995412824101974 1.0 0.0 1.0 41
1.4307070017841022 1.0 0.0 1.0 42
2.6798046368185107 1.0 0.0 1.0 43
0.5838198184655912 1.0 4.0 1.0 45
1.8572108157072178 1.0 0.0 1.0 46
1.9550256770058865 1.0 0.0 1.0 47
3.2431901456721244 1.0 0.0 1.0 48
2.9410531936893487 1.0 4.0 1.0 52
1.9453110517018557 1.0 0.0 1.0 54
2.2535316700985497 1.0 0.0 1.0 55
4.0 1.1120090611526194 4.0 1.0 57
4.0 0.9989856121153197 4.0 1.0 58
4.0 1.5597340993029007 4.0 2.0 59
0.0 1.8617118376682802 0.0 2.0 60
2.7488259384195493 1.0 0.0 1.0 61
1.5189501466173327 1.0 4.0 1.0 62
0.38099927516907917 1.0 4.0 1.0 63
4.0 0.9409423895766955 4.0 1.0 64
4.0 0.6646171999351767 4.0 0.0 65
4.0 1.2414511647651145 4.0 2.0 66
0.716728351000625 1.0 4.0 1.0 67
3.7059195442403636 1.0 0.0 1.0 68
3.845950178202842 1.0 0.0 1.0 69
4.0 0.6759141874477509 4.0 0.0 70
0.14047592627368846 1.0 4.0 1.0 71
0.0 0.6493554264361574 0.0 0.0 72
3.9331393933463055 1.0 0.0 1.0 73
0.0 0.8499109699109371 0.0 1.0 74
4.0 0.682553353700402 4.0 1.0 75
4.0 1.2276419009888477 4.0 1.0 76
4.235317610147135 1.0 4.0 1.0 77
0.0 0.73931426323314 0.0 1.0 78
4.0 1.566972575760552 4.0 1.0 79
0.0 1.6900937685520685 0.0 1.0 80
4.0 0.3110762717014048 4.0 1.0 81
4.718668827594733 1.0 4.0 1.0 82
0.0 0.280400684392258 0.0 1.0 83
4.0 1.72958408094406 4.0 1.0 84
0.0 0.0 0.0 1.0 85
4.0 0.0 4.0 1.0 86
4.0 2.0 4.0 1.0 87
5.0 1.0 4.0 1.0 88
*** t = 49
4.0 0.33627051986342504 4.0 0.0 0
0.0 1.4891871479409182 0.0 2.0 3
4.0 1.3469705717336395 4.0 2.0 4
1.3492088571115604 1.0 0.0 1.0 9
0.6308528458235023 1.0 0.0 1.0 10
2.075128343903536 1.0 0.0 1.0 12
1.4215095039904915 1.0 0.0 1.0 13
0.739723893408382 1.0 0.0 1.0 14
3.412245363103909 1.0 4.0 1.0 16
2.5159292278996968 1.0 0.0 1.0 17
3.6115299121944484 1.0 4.0 1.0 18
1.6644820329052554 1.0 0.0 1.0 23
3.0645553251091795 1.0 4.0 1.0 24
3.2922239943620557 1.0 4.0 1.0 27
3.8867724579244944 1.0 4.0 1.0 29
1.618480243027896 1.0 0.0 1.0 30
0.0 0.6811629688768037 0.0 0.0 31
0.09703313009529171 1.0 4.0 1.0 33
1.9808751310357977 1.0 0.0 1.0 35
0.7225629150163473 1.0 0.0 1.0 36
0.5832725239651515 1.0 0.0 1.0 37
4.0 0.04631576882508984 4.0 0.0 39
2.91679545243447 1.0 4.0 1.0 40
2.0828555025106223 1.0 0.0 1.0 41
1.2819864601917732 1.0 0.0 1.0 42
2.5831298300192818 1.0 0.0 1.0 43
0.6558116283958453 1.0 4.0 1.0 45
1.7143567618757278 1.0 0.0 1.0 46
1.8100268997204525 1.0 0.0 1.0 47
3.1595325335612734 1.0 0.0 1.0 48
3.160000593338757 1.0 4.0 1.0 52
1.7756061101297367 1.0 0.0 1.0 54
2.100950096215136 1.0 0.0 1.0 55
4.0 1.0565096274746582 4.0 1.0 57
3.9344153470769925 1.0 0.0 1.0 58
4.0 1.6637163725897608 4.0 2.0 59
0.0 1.9946912546445859 0.0 2.0 60
2.5880277911638028 1.0 0.0 1.0 61
1.7127155425109737 1.0 4.0 1.0 62
0.49608254809983576 1.0 4.0 1.0 63
4.0 1.0193542553747534 4.0 2.0 64
4.0 0.5533352999297747 4.0 0.0 65
4.0 1.344905428495541 4.0 2.0 66
0.8884011861006875 1.0 4.0 1.0 67
3.5765114986644 1.0 0.0 1.0 68
3.71772242022538 1.0 0.0 1.0 69
4.0 0.528793541608612 4.0 0.0 70
0.28303541705789953 1.0 4.0 1.0 71
0.0 0.4805248547406771 0.0 0.0 72
3.7997818175145937 1.0 0.0 1.0 73
0.0 0.9915627982294266 0.0 1.0 74
4.0 0.7963122459838023 4.0 1.0 75
4.0 1.0989155511536557 4.0 1.0 76
4.107870545171657 1.0 4.0 1.0 77
0.0 0.924142829041425 0.0 1.0 78
4.0 1.45871571970069 4.0 1.0 79
0.0 1.586791691402758 0.0 1.0 80
4.0 0.4147683622685397 4.0 1.0 81
4.624891770126311 1.0 4.0 1.0 82
0.0 0.42060102658838705 0.0 1.0 83
4.0 1.5943761214160899 4.0 1.0 84
0.0 0.11005213775555883 0.0 1.0 85
4.0 0.1501774812614482 4.0 1.0 86
4.0 1.844406622016297 4.0 1.0 87
4.902175467375968 1.0 4.0 1.0 88
*** t = 50
4.0 0.21576563730732778 4.0 0.0 0
0.0 1.6085173033309381 0.0 2.0 3
4.0 1.4657921399943872 4.0 2.0 4
1.2643067375095036 1.0 0.0 1.0 9
0.5292447724705605 1.0 0.0 1.0 10
2.0037900108280127 1.0 0.0 1.0 12
1.3320472415902538 1.0 0.0 1.0 13
0.6332169907435916 1.0 0.0 1.0 14
3.525379859593753 1.0 4.0 1.0 16
2.4522351055381506 1.0 0.0 1.0 17
3.7361658557672714 1.0 4.0 1.0 18
1.5691815195596914 1.0 0.0 1.0 23
3.184101069965332 1.0 4.0 1.0 24
3.4222913881306027 1.0 4.0 1.0 27
4.0 0.9555897208521348 4.0 0.0 29
1.5093989605449247 1.0 0.0 1.0 30
0.0 0.5095875807760554 0.0 0.0 31
0.13486185871926729 1.0 4.0 1.0 33
1.876767376933584 1.0 0.0 1.0 35
0.5697973048383598 1.0 0.0 1.0 36
0.425532256963907 1.0 0.0 1.0 37
3.073467270531849 1.0 4.0 1.0 40
1.9661697226110473 1.0 0.0 1.0 41
1.1332659185994443 1.0 0.0 1.0 42
2.486455023220053 1.0 0.0 1.0 43
0.7278034383260994 1.0 4.0 1.0 45
1.5715027080442379 1.0 0.0 1.0 46
1.6650281224350185 1.0 0.0 1.0 47
3.0758749214504224 1.0 0.0 1.0 48
3.378947992988165 1.0 4.0 1.0 52
1.6059011685576177 1.0 0.0 1.0 54
1.9483685223317222 1.0 0.0 1.0 55
4.0 1.0010101937966969 4.0 1.0 57
3.8678163062693045 1.0 0.0 1.0 58
4.0 1.7676986458766208 4.0 2.0 59
2.4272296439080563 1.0 0.0 1.0 61
1.9064809384046146 1.0 4.0 1.0 62
0.6111658210305924 1.0 4.0 1.0 63
4.0 1.0977661211728114 4.0 2.0 64
4.0 0.44205339992437276 4.0 0.0 65
4.0 1.4483596922259676 4.0 2.0 66
1.06007402120075 1.0 4.0 1.0 67
3.4471034530884364 1.0 0.0 1.0 68
3.589494662247918 1.0 0.0 1.0 69
4.0 0.38167289576947316 4.0 0.0 70
0.4255949078421106 1.0 4.0 1.0 71
0.0 0.31169428304519675 0.0 0.0 72
3.666424241682882 1.0 0.0 1.0 73
0.0 1.1332146265479162 0.0 2.0 74
4.0 0.9100711382672027 4.0 1.0 75
3.9701892013184636 1.0 0.0 1.0 76
3.98042348019618 1.0 0.0 1.0 77
0.10897139484970997 1.0 4.0 1.0 78
4.0 1.350458863640828 4.0 1.0 79
0.0 1.4834896142534475 0.0 1.0 80
4.0 0.5184604528356747 4.0 1.0 81
4.531114712657889 1.0 4.0 1.0 82
0.0 0.560801368784516 0.0 1.0 83
4.0 1.4591681618881198 4.0 1.0 84
0.0 0.22010427551111766 0.0 1.0 85
4.0 0.3003549625228964 4.0 1.0 86
4.0 1.6888132440325938 4.0 1.0 87
4.804350934751936 1.0 4.0 1.0 88
0.0 0.0 0.0 1.0 89
0.0 2.0 0.0 1.0 90
4.0 2.0 4.0 1.0 91
