*** t = 0
*** t = 1
*** t = 2
0.0 0.0 0.0 1.0 0
4.0 2.0 4.0 1.0 1
*** t = 3
0.0 0.08918665488557982 0.0 1.0 0
4.0 1.9048719090007968 4.0 1.0 1
4.0 0.0 4.0 1.0 2
5.0 1.0 4.0 1.0 3
*** t = 4
0.0 0.17837330977115964 0.0 1.0 0
4.0 1.8097438180015937 4.0 1.0 1
4.0 0.14030709504969693 4.0 1.0 2
4.852130654946093 1.0 4.0 1.0 3
0.0 0.0 0.0 1.0 4
4.0 2.0 4.0 1.0 5
*** t = 5
0.0 0.2675599646567395 0.0 1.0 0
4.0 1.7146157270023905 4.0 1.0 1
4.0 0.28061419009939387 4.0 1.0 2
4.7042613098921855 1.0 4.0 1.0 3
0.0 0.12066711189321115 0.0 1.0 4
4.0 1.8470562190001418 4.0 1.0 5
0.0 2.0 0.0 1.0 6
*** t = 6
0.0 0.3567466195423193 0.0 1.0 0
4.0 1.6194876360031873 4.0 1.0 1
4.0 0.4209212851490908 4.0 1.0 2
4.556391964838278 1.0 4.0 1.0 3
0.0 0.2413342237864223 0.0 1.0 4
4.0 1.6941124380002837 4.0 1.0 5
0.0 1.878778850627606 0.0 1.0 6
0.0 0.0 0.0 1.0 7
4.0 0.0 4.0 1.0 8
4.0 2.0 4.0 1.0 9
5.0 1.0 4.0 1.0 10
*** t = 7
0.0 0.4459332744278991 0.0 1.0 0
4.0 1.5243595450039842 4.0 1.0 1
4.0 0.5612283801987877 4.0 1.0 2
4.408522619784371 1.0 4.0 1.0 3
0.0 0.36200133567963344 0.0 1.0 4
4.0 1.5411686570004255 4.0 1.0 5
0.0 1.757557701255212 0.0 1.0 6
0.0 0.11910099265425743 0.0 1.0 7
4.0 0.11071760339068373 4.0 1.0 8
4.0 1.8738860855031683 4.0 1.0 9
4.846211688321616 1.0 4.0 1.0 10
*** t = 8
0.0 0.535119929313479 0.0 1.0 0
4.0 1.429231454004781 4.0 1.0 1
4.0 0.7015354752484847 4.0 1.0 2
4.260653274730464 1.0 4.0 1.0 3
0.0 0.4826684475728446 0.0 1.0 4
4.0 1.3882248760005673 4.0 1.0 5
0.0 1.636336551882818 0.0 1.0 6
0.0 0.23820198530851486 0.0 1.0 7
4.0 0.22143520678136747 4.0 1.0 8
4.0 1.7477721710063365 4.0 1.0 9
4.692423376643232 1.0 4.0 1.0 10
0.0 0.0 0.0 1.0 11
4.0 2.0 4.0 1.0 12
*** t = 9
0.0 0.6243065841990588 0.0 1.0 0
4.0 1.3341033630055779 4.0 1.0 1
4.0 0.8418425702981817 4.0 1.0 2
4.1127839296765565 1.0 4.0 1.0 3
0.0 0.6033355594660558 0.0 1.0 4
4.0 1.2352810950007092 4.0 1.0 5
0.0 1.5151154025104239 0.0 1.0 6
0.0 0.3573029779627723 0.0 1.0 7
4.0 0.3321528101720512 4.0 1.0 8
4.0 1.6216582565095048 4.0 1.0 9
4.538635064964848 1.0 4.0 1.0 10
0.0 0.11246634040087666 0.0 1.0 11
4.0 1.8770265153518602 4.0 1.0 12
4.0 0.0 4.0 1.0 13
5.0 1.0 4.0 1.0 14
*** t = 10
0.0 0.7134932390846387 0.0 1.0 0
4.0 1.2389752720063747 4.0 1.0 1
4.0 0.9821496653478786 4.0 1.0 2
3.964914584622649 1.0 0.0 1.0 3
0.0 0.7240026713592669 0.0 1.0 4
4.0 1.082337314000851 4.0 1.0 5
0.0 1.3938942531380298 0.0 1.0 6
0.0 0.4764039706170297 0.0 1.0 7
4.0 0.44287041356273493 4.0 1.0 8
4.0 1.495544342012673 4.0 1.0 9
4.384846753286464 1.0 4.0 1.0 10
0.0 0.22493268080175333 0.0 1.0 11
4.0 1.7540530307037203 4.0 1.0 12
4.0 0.10620317557279847 4.0 1.0 13
4.854677894232588 1.0 4.0 1.0 14
0.0 0.0 0.0 1.0 15
0.0 2.0 0.0 1.0 16
4.0 2.0 4.0 1.0 17
*** t = 11
0.0 0.8026798939702185 0.0 1.0 0
4.0 1.1438471810071715 4.0 1.0 1
4.0 1.1224567603975755 4.0 2.0 2
3.817045239568741 1.0 0.0 1.0 3
0.0 0.844669783252478 0.0 1.0 4
3.929393533000993 1.0 0.0 1.0 5
0.0 1.2726731037656358 0.0 1.0 6
0.0 0.5955049632712871 0.0 1.0 7
4.0 0.5535880169534186 4.0 1.0 8
4.0 1.3694304275158413 4.0 1.0 9
4.23105844160808 1.0 4.0 1.0 10
0.0 0.33739902120263 0.0 1.0 11
4.0 1.6310795460555805 4.0 1.0 12
4.0 0.21240635114559694 4.0 1.0 13
4.709355788465176 1.0 4.0 1.0 14
0.0 0.15429040477145947 0.0 1.0 15
0.0 1.883774618956975 0.0 1.0 16
4.0 1.8715369041375278 4.0 1.0 17
*** t = 12
0.0 0.8918665488557984 0.0 1.0 0
4.0 1.0487190900079684 4.0 1.0 1
4.0 1.2627638554472724 4.0 2.0 2
3.6691758945148334 1.0 0.0 1.0 3
0.0 0.9653368951456891 0.0 1.0 4
3.7764497520011346 1.0 0.0 1.0 5
0.0 1.1514519543932418 0.0 1.0 6
0.0 0.7146059559255445 0.0 1.0 7
4.0 0.6643056203441023 4.0 1.0 8
4.0 1.2433165130190096 4.0 1.0 9
4.077270129929696 1.0 4.0 1.0 10
0.0 0.44986536160350665 0.0 1.0 11
4.0 1.5081060614074406 4.0 1.0 12
4.0 0.31860952671839543 4.0 1.0 13
4.564033682697764 1.0 4.0 1.0 14
0.0 0.30858080954291894 0.0 1.0 15
0.0 1.7675492379139501 0.0 1.0 16
4.0 1.7430738082750556 4.0 1.0 17
0.0 0.0 0.0 1.0 18
4.0 0.0 4.0 1.0 19
4.0 2.0 4.0 1.0 20
5.0 1.0 4.0 1.0 21
*** t = 13
0.0 0.9810532037413783 0.0 1.0 0
3.953590999008765 1.0 0.0 1.0 1
4.0 1.4030709504969694 4.0 2.0 2
3.5213065494609257 1.0 0.0 1.0 3
0.08600400703890025 1.0 4.0 1.0 4
3.6235059710012765 1.0 0.0 1.0 5
0.0 1.0302308050208477 0.0 1.0 6
0.0 0.833706948579802 0.0 1.0 7
4.0 0.775023223734786 4.0 1.0 8
4.0 1.1172025985221778 4.0 1.0 9
3.923481818251312 1.0 0.0 1.0 10
0.0 0.5623317020043833 0.0 1.0 11
4.0 1.3851325767593008 4.0 1.0 12
4.0 0.4248127022911939 4.0 1.0 13
4.418711576930352 1.0 4.0 1.0 14
0.0 0.4628712143143784 0.0 1.0 15
0.0 1.6513238568709252 0.0 1.0 16
4.0 1.6146107124125835 4.0 1.0 17
0.0 0.13183741133821633 0.0 1.0 18
4.0 0.11534067979654605 4.0 1.0 19
4.0 1.8775251120532688 4.0 1.0 20
4.894109807344682 1.0 4.0 1.0 21
*** t = 14
0.0 1.0702398586269581 0.0 2.0 0
3.858462908009562 1.0 0.0 1.0 1
4.0 1.5433780455466664 4.0 2.0 2
3.373437204407018 1.0 0.0 1.0 3
0.2066711189321114 1.0 4.0 1.0 4
3.4705621900014183 1.0 0.0 1.0 5
0.09099034435154621 1.0 4.0 1.0 6
0.0 0.9528079412340594 0.0 1.0 7
4.0 0.8857408271254698 4.0 1.0 8
3.991088684025346 1.0 0.0 1.0 9
3.769693506572928 1.0 0.0 1.0 10
0.0 0.67479804240526 0.0 1.0 11
4.0 1.262159092111161 4.0 1.0 12
4.0 0.5310158778639924 4.0 1.0 13
4.2733894711629405 1.0 4.0 1.0 14
0.0 0.6171616190858379 0.0 1.0 15
0.0 1.5350984758279003 0.0 1.0 16
4.0 1.4861476165501113 4.0 1.0 17
0.0 0.26367482267643266 0.0 1.0 18
4.0 0.2306813595930921 4.0 1.0 19
4.0 1.7550502241065375 4.0 1.0 20
4.788219614689364 1.0 4.0 1.0 21
0.0 0.0 0.0 1.0 22
4.0 2.0 4.0 1.0 23
*** t = 15
0.0 1.159426513512538 0.0 2.0 0
3.763334817010359 1.0 0.0 1.0 1
4.0 1.6836851405963633 4.0 2.0 2
3.2255678593531103 1.0 0.0 1.0 3
0.32733823082532254 1.0 4.0 1.0 4
3.31761840900156 1.0 0.0 1.0 5
0.21221149372394016 1.0 4.0 1.0 6
0.07190893388831686 1.0 4.0 1.0 7
4.0 0.9964584305161535 4.0 1.0 8
3.8649747695285144 1.0 0.0 1.0 9
3.6159051948945438 1.0 0.0 1.0 10
0.0 0.7872643828061366 0.0 1.0 11
4.0 1.139185607463021 4.0 1.0 12
4.0 0.6372190534367909 4.0 1.0 13
4.128067365395529 1.0 4.0 1.0 14
0.0 0.7714520238572974 0.0 1.0 15
0.0 1.4188730947848753 0.0 1.0 16
4.0 1.3576845206876391 4.0 1.0 17
0.0 0.39551223401464897 0.0 1.0 18
4.0 0.34602203938963816 4.0 1.0 19
4.0 1.6325753361598063 4.0 1.0 20
4.682329422034046 1.0 4.0 1.0 21
0.0 0.11319817886708901 0.0 1.0 22
4.0 1.9091003244464764 4.0 1.0 23
0.0 2.0 0.0 1.0 24
4.0 0.0 4.0 1.0 25
5.0 1.0 4.0 1.0 26
*** t = 16
0.0 1.2486131683981176 0.0 2.0 0
3.6682067260111557 1.0 0.0 1.0 1
4.0 1.8239922356460603 4.0 2.0 2
3.0776985142992026 1.0 0.0 1.0 3
0.4480053427185337 1.0 4.0 1.0 4
3.164674628001702 1.0 0.0 1.0 5
0.33343264309633414 1.0 4.0 1.0 6
0.1910099265425743 1.0 4.0 1.0 7
4.0 1.1071760339068373 4.0 2.0 8
3.7388608550316826 1.0 0.0 1.0 9
3.4621168832161597 1.0 0.0 1.0 10
0.0 0.8997307232070133 0.0 1.0 11
4.0 1.0162121228148813 4.0 1.0 12
4.0 0.7434222290095893 4.0 1.0 13
4.0 1.0172547403718832 4.0 2.0 14
0.0 0.9257424286287569 0.0 1.0 15
0.0 1.3026477137418504 0.0 1.0 16
4.0 1.229221424825167 4.0 1.0 17
0.0 0.5273496453528653 0.0 1.0 18
4.0 0.4613627191861842 4.0 1.0 19
4.0 1.510100448213075 4.0 1.0 20
4.576439229378728 1.0 4.0 1.0 21
0.0 0.22639635773417802 0.0 1.0 22
4.0 1.8182006488929527 4.0 1.0 23
0.0 1.8999493546093187 0.0 1.0 24
4.0 0.06589171918630081 4.0 1.0 25
4.866747800349763 1.0 4.0 1.0 26
0.0 0.0 0.0 1.0 27
4.0 2.0 4.0 1.0 28
*** t = 17
0.0 1.3377998232836974 0.0 2.0 0
3.5730786350119526 1.0 0.0 1.0 1
4.0 1.9642993306957572 4.0 2.0 2
2.929829169245295 1.0 0.0 1.0 3
0.5686724546117449 1.0 4.0 1.0 4
3.011730847001844 1.0 0.0 1.0 5
0.45465379246872806 1.0 4.0 1.0 6
0.3101109191968317 1.0 4.0 1.0 7
4.0 1.217893637297521 4.0 2.0 8
3.612746940534851 1.0 0.0 1.0 9
3.3083285715377757 1.0 0.0 1.0 10
0.012197063607889969 1.0 4.0 1.0 11
4.0 0.8932386381667414 4.0 0.0 12
4.0 0.8496254045823878 4.0 1.0 13
4.0 1.1625768461392951 4.0 2.0 14
0.0 1.0800328334002163 0.0 2.0 15
0.0 1.1864223326988255 0.0 1.0 16
4.0 1.1007583289626948 4.0 1.0 17
0.0 0.6591870566910817 0.0 1.0 18
4.0 0.5767033989827303 4.0 1.0 19
4.0 1.3876255602663439 4.0 1.0 20
4.47054903672341 1.0 4.0 1.0 21
0.0 0.33959453660126704 0.0 1.0 22
4.0 1.7273009733394291 4.0 1.0 23
0.0 1.7998987092186374 0.0 1.0 24
4.0 0.13178343837260162 4.0 1.0 25
4.733495600699525 1.0 4.0 1.0 26
0.0 0.14599868476711753 0.0 1.0 27
4.0 1.9091974838311012 4.0 1.0 28
*** t = 18
0.0 1.4269864781692772 0.0 2.0 0
3.4779505440127494 1.0 0.0 1.0 1
2.781959824191387 1.0 0.0 1.0 3
0.689339566504956 1.0 4.0 1.0 4
2.8587870660019856 1.0 0.0 1.0 5
0.575874941841122 1.0 4.0 1.0 6
0.42921191185108915 1.0 4.0 1.0 7
4.0 1.328611240688205 4.0 2.0 8
3.486633026038019 1.0 0.0 1.0 9
3.1545402598593917 1.0 0.0 1.0 10
0.12466340400876663 1.0 4.0 1.0 11
4.0 0.7702651535186016 4.0 0.0 12
4.0 0.9558285801551862 4.0 1.0 13
4.0 1.307898951906707 4.0 2.0 14
0.0 1.2343232381716758 0.0 2.0 15
0.0 1.0701969516558005 0.0 1.0 16
4.0 0.9722952331002225 4.0 0.0 17
0.0 0.791024468029298 0.0 1.0 18
4.0 0.6920440787792763 4.0 1.0 19
4.0 1.2651506723196126 4.0 1.0 20
4.364658844068092 1.0 4.0 1.0 21
0.0 0.45279271546835603 0.0 1.0 22
4.0 1.6364012977859055 4.0 1.0 23
0.0 1.699848063827956 0.0 1.0 24
4.0 0.19767515755890241 4.0 1.0 25
4.600243401049288 1.0 4.0 1.0 26
0.0 0.29199736953423505 0.0 1.0 27
4.0 1.8183949676622024 4.0 1.0 28
0.0 0.0 0.0 1.0 29
4.0 0.0 4.0 1.0 30
4.0 2.0 4.0 1.0 31
5.0 1.0 4.0 1.0 32
*** t = 19
0.0 1.516173133054857 0.0 2.0 0
3.3828224530135462 1.0 0.0 1.0 1
2.6340904791374795 1.0 0.0 1.0 3
0.8100066783981671 1.0 4.0 1.0 4
2.7058432850021275 1.0 0.0 1.0 5
0.6970960912135159 1.0 4.0 1.0 6
0.5483129045053465 1.0 4.0 1.0 7
4.0 1.4393288440788887 4.0 2.0 8
3.3605191115411874 1.0 0.0 1.0 9
3.0007519481810077 1.0 0.0 1.0 10
0.2371297444096433 1.0 4.0 1.0 11
4.0 0.6472916688704617 4.0 0.0 12
4.0 1.0620317557279848 4.0 2.0 13
4.0 1.453221057674119 4.0 2.0 14
0.0 1.3886136429431353 0.0 2.0 15
0.0 0.9539715706127756 0.0 0.0 16
4.0 0.8438321372377502 4.0 0.0 17
0.0 0.9228618793675144 0.0 1.0 18
4.0 0.8073847585758224 4.0 1.0 19
4.0 1.1426757843728814 4.0 1.0 20
4.258768651412774 1.0 4.0 1.0 21
0.0 0.565990894335445 0.0 1.0 22
4.0 1.5455016222323819 4.0 1.0 23
0.0 1.5997974184372747 0.0 1.0 24
4.0 0.26356687674520324 4.0 1.0 25
4.4669912013990505 1.0 4.0 1.0 26
0.0 0.4379960543013526 0.0 1.0 27
4.0 1.7275924514933036 4.0 1.0 28
0.0 0.08735562855582714 0.0 1.0 29
4.0 0.07785722823983099 4.0 1.0 30
4.0 1.8552421118653974 4.0 1.0 31
4.854232644106238 1.0 4.0 1.0 32
*** t = 20
0.0 1.6053597879404367 0.0 2.0 0
3.287694362014343 1.0 0.0 1.0 1
2.486221134083572 1.0 0.0 1.0 3
0.9306737902913782 1.0 4.0 1.0 4
2.5528995040022693 1.0 0.0 1.0 5
0.8183172405859098 1.0 4.0 1.0 6
0.667413897159604 1.0 4.0 1.0 7
4.0 1.5500464474695725 4.0 2.0 8
3.2344051970443557 1.0 0.0 1.0 9
2.8469636365026236 1.0 0.0 1.0 10
0.34959608481051996 1.0 4.0 1.0 11
4.0 0.5243181842223219 4.0 0.0 12
4.0 1.1682349313007834 4.0 2.0 13
4.0 1.5985431634415308 4.0 2.0 14
0.0 1.5429040477145948 0.0 2.0 15
0.0 0.8377461895697507 0.0 0.0 16
4.0 0.7153690413752779 4.0 0.0 17
0.0 1.0546992907057307 0.0 2.0 18
4.0 0.9227254383723684 4.0 1.0 19
4.0 1.0202008964261502 4.0 1.0 20
4.152878458757456 1.0 4.0 1.0 21
0.0 0.6791890732025341 0.0 1.0 22
4.0 1.4546019466788582 4.0 1.0 23
0.0 1.4997467730465934 0.0 1.0 24
4.0 0.32945859593150406 4.0 1.0 25
4.333739001748813 1.0 4.0 1.0 26
0.0 0.5839947390684701 0.0 1.0 27
4.0 1.6367899353244049 4.0 1.0 28
0.0 0.17471125711165428 0.0 1.0 29
4.0 0.15571445647966198 4.0 1.0 30
4.0 1.710484223730795 4.0 1.0 31
4.7084652882124765 1.0 4.0 1.0 32
0.0 0.0 0.0 1.0 33
0.0 2.0 0.0 1.0 34
4.0 2.0 4.0 1.0 35
*** t = 21
0.0 1.6945464428260164 0.0 2.0 0
3.19256627101514 1.0 0.0 1.0 1
2.338351789029664 1.0 0.0 1.0 3
1.0513409021845894 1.0 4.0 1.0 4
2.399955723002411 1.0 0.0 1.0 5
0.9395383899583037 1.0 4.0 1.0 6
0.7865148898138614 1.0 4.0 1.0 7
4.0 1.6607640508602564 4.0 2.0 8
3.108291282547524 1.0 0.0 1.0 9
2.6931753248242396 1.0 0.0 1.0 10
0.4620624252113966 1.0 4.0 1.0 11
4.0 0.401344699574182 4.0 0.0 12
4.0 1.274438106873582 4.0 2.0 13
4.0 1.7438652692089427 4.0 2.0 14
0.0 1.6971944524860543 0.0 2.0 15
0.0 0.7215208085267257 0.0 0.0 16
4.0 0.5869059455128056 4.0 0.0 17
0.0 1.186536702043947 0.0 2.0 18
3.9619338818310856 1.0 0.0 1.0 19
4.1022739915205815 1.0 5.0 1.0 20
4.046988266102138 1.0 4.0 1.0 21
0.0 0.7923872520696231 0.0 1.0 22
4.0 1.3637022711253346 4.0 1.0 23
0.0 1.3996961276559121 0.0 1.0 24
4.0 0.3953503151178049 4.0 1.0 25
4.200486802098576 1.0 4.0 1.0 26
0.0 0.7299934238355876 0.0 1.0 27
4.0 1.545987419155506 4.0 1.0 28
0.0 0.26206688566748143 0.0 1.0 29
4.0 0.23357168471949297 4.0 1.0 30
4.0 1.5657263355961923 4.0 1.0 31
4.562697932318715 1.0 4.0 1.0 32
0.0 0.129211596041009 0.0 1.0 33
0.0 1.8888538618905812 0.0 1.0 34
4.0 1.8500639315191505 4.0 1.0 35
4.0 0.0 4.0 1.0 36
5.0 1.0 4.0 1.0 37
*** t = 22
0.0 1.7837330977115962 0.0 2.0 0
3.0974381800159367 1.0 0.0 1.0 1
2.1904824439757564 1.0 0.0 1.0 3
1.1720080140778006 1.0 4.0 1.0 4
2.247011942002553 1.0 0.0 1.0 5
1.0607595393306977 1.0 4.0 1.0 6
0.9056158824681189 1.0 4.0 1.0 7
4.0 1.7714816542509402 4.0 2.0 8
2.9821773680506922 1.0 0.0 1.0 9
2.5393870131458556 1.0 0.0 1.0 10
0.5745287656122733 1.0 4.0 1.0 11
4.0 0.2783712149260421 4.0 0.0 12
4.0 1.3806412824463805 4.0 2.0 13
4.0 1.8891873749763546 4.0 2.0 14
0.0 1.8514848572575138 0.0 2.0 15
0.0 0.6052954274837008 0.0 0.0 16
4.0 0.45844284965033333 4.0 0.0 17
0.0 1.3183741133821634 0.0 2.0 18
3.8465932020345397 1.0 0.0 1.0 19
4.224748879467313 1.0 5.0 1.0 20
4.0 0.9410980734468202 4.0 0.0 21
0.0 0.9055854309367122 0.0 1.0 22
4.0 1.272802595571811 4.0 1.0 23
0.0 1.2996454822652308 0.0 1.0 24
4.0 0.4612420343041057 4.0 1.0 25
4.067234602448338 1.0 4.0 1.0 26
0.0 0.8759921086027052 0.0 1.0 27
4.0 1.4551849029866073 4.0 1.0 28
0.0 0.34942251422330856 0.0 1.0 29
4.0 0.31142891295932396 4.0 1.0 30
4.0 1.4209684474615898 4.0 1.0 31
4.416930576424953 1.0 4.0 1.0 32
0.0 0.258423192082018 0.0 1.0 33
0.0 1.7777077237811625 0.0 1.0 34
4.0 1.700127863038301 4.0 1.0 35
4.0 0.16277105671762523 4.0 1.0 36
4.8991616999421765 1.0 4.0 1.0 37
0.0 0.0 0.0 1.0 38
4.0 2.0 4.0 1.0 39
*** t = 23
0.0 1.872919752597176 0.0 2.0 0
3.0023100890167336 1.0 0.0 1.0 1
2.0426130989218487 1.0 0.0 1.0 3
1.2926751259710119 1.0 4.0 1.0 4
2.0940681610026948 1.0 0.0 1.0 5
1.1819806887030917 1.0 4.0 1.0 6
1.0247168751223763 1.0 4.0 1.0 7
4.0 1.882199257641624 4.0 2.0 8
2.8560634535538605 1.0 0.0 1.0 9
2.3855987014674715 1.0 0.0 1.0 10
0.68699510601315 1.0 4.0 1.0 11
4.0 0.1553977302779022 4.0 0.0 12
4.0 1.486844458019179 4.0 2.0 13
0.0 0.4890700464406758 0.0 0.0 16
4.0 0.32997975378786104 4.0 0.0 17
0.0 1.4502115247203797 0.0 2.0 18
3.7312525222379938 1.0 0.0 1.0 19
4.347223767414045 1.0 5.0 1.0 20
4.0 0.835207880791502 4.0 0.0 21
0.0 1.0187836098038012 0.0 2.0 22
4.0 1.1819029200182873 4.0 1.0 23
0.0 1.1995948368745495 0.0 1.0 24
4.0 0.5271337534904065 4.0 1.0 25
3.933982402798101 1.0 0.0 1.0 26
0.0 1.0219907933698227 0.0 2.0 27
4.0 1.3643823868177085 4.0 1.0 28
0.0 0.4367781427791357 0.0 1.0 29
4.0 0.38928614119915494 4.0 1.0 30
4.0 1.2762105593269872 4.0 1.0 31
4.271163220531191 1.0 4.0 1.0 32
0.0 0.38763478812302704 0.0 1.0 33
0.0 1.6665615856717437 0.0 1.0 34
4.0 1.5501917945574515 4.0 1.0 35
4.0 0.32554211343525047 4.0 1.0 36
4.798323399884353 1.0 4.0 1.0 37
0.0 0.13592300250957487 0.0 1.0 38
4.0 1.878094966874963 4.0 1.0 39
*** t = 24
0.0 1.9621064074827557 0.0 2.0 0
2.9071819980175304 1.0 0.0 1.0 1
1.8947437538679412 1.0 0.0 1.0 3
1.413342237864223 1.0 4.0 1.0 4
1.9411243800028366 1.0 0.0 1.0 5
1.3032018380754857 1.0 4.0 1.0 6
1.1438178677766337 1.0 4.0 1.0 7
4.0 1.9929168610323078 4.0 2.0 8
2.7299495390570288 1.0 0.0 1.0 9
2.2318103897890875 1.0 0.0 1.0 10
0.7994614464140266 1.0 4.0 1.0 11
4.0 0.032424245629762316 4.0 0.0 12
4.0 1.5930476335919777 4.0 2.0 13
0.0 0.3728446653976508 0.0 0.0 16
4.0 0.20151665792538878 4.0 0.0 17
0.0 1.582048936058596 0.0 2.0 18
3.615911842441448 1.0 0.0 1.0 19
4.4696986553607765 1.0 5.0 1.0 20
4.0 0.7293176881361838 4.0 0.0 21
0.0 1.1319817886708903 0.0 2.0 22
4.0 1.0910032444647637 4.0 1.0 23
0.0 1.0995441914838682 0.0 1.0 24
4.0 0.5930254726767072 4.0 1.0 25
3.8007302031478636 1.0 0.0 1.0 26
0.0 1.1679894781369402 0.0 2.0 27
4.0 1.2735798706488097 4.0 1.0 28
0.0 0.5241337713349629 0.0 1.0 29
4.0 0.46714336943898593 4.0 1.0 30
4.0 1.1314526711923847 4.0 1.0 31
4.125395864637429 1.0 4.0 1.0 32
0.0 0.516846384164036 0.0 1.0 33
0.0 1.555415447562325 0.0 1.0 34
4.0 1.400255726076602 4.0 1.0 35
4.0 0.4883131701528757 4.0 1.0 36
4.69748509982653 1.0 4.0 1.0 37
0.0 0.27184600501914974 0.0 1.0 38
4.0 1.7561899337499258 4.0 1.0 39
0.0 0.0 0.0 1.0 40
4.0 0.0 4.0 1.0 41
4.0 2.0 4.0 1.0 42
5.0 1.0 4.0 1.0 43
*** t = 25
2.8120539070183272 1.0 0.0 1.0 1
1.7468744088140338 1.0 0.0 1.0 3
1.5340093497574343 1.0 4.0 1.0 4
1.7881805990029784 1.0 0.0 1.0 5
1.4244229874478798 1.0 4.0 1.0 6
1.2629188604308912 1.0 4.0 1.0 7
2.603835624560197 1.0 0.0 1.0 9
2.0780220781107035 1.0 0.0 1.0 10
0.9119277868149033 1.0 4.0 1.0 11
4.0 1.6992508091647762 4.0 2.0 13
0.0 0.25661928435462583 0.0 0.0 16
4.0 0.07305356206291652 4.0 0.0 17
0.0 1.7138863473968124 0.0 2.0 18
3.500571162644902 1.0 0.0 1.0 19
4.592173543307508 1.0 5.0 1.0 20
4.0 0.6234274954808656 4.0 0.0 21
0.0 1.2451799675379793 0.0 2.0 22
4.0 1.00010356891124 4.0 1.0 23
5.064539068131424E-4 1.0 4.0 1.0 24
4.0 0.658917191863008 4.0 1.0 25
3.667478003497626 1.0 0.0 1.0 26
0.0 1.3139881629040577 0.0 2.0 27
4.0 1.182777354479911 4.0 1.0 28
0.0 0.61148939989079 0.0 1.0 29
4.0 0.5450005976788169 4.0 1.0 30
3.986694783057782 1.0 0.0 1.0 31
4.0 1.0203714912563326 4.0 2.0 32
0.0 0.646057980205045 0.0 1.0 33
0.0 1.4442693094529062 0.0 1.0 34
4.0 1.2503196575957525 4.0 1.0 35
4.0 0.6510842268705009 4.0 1.0 36
4.596646799768706 1.0 4.0 1.0 37
0.0 0.4077690075287246 0.0 1.0 38
4.0 1.6342849006248887 4.0 1.0 39
0.0 0.0760308224137422 0.0 1.0 40
4.0 0.11469068754828818 4.0 1.0 41
4.0 1.848724546354506 4.0 1.0 42
4.871857738606864 1.0 4.0 1.0 43
0.0 2.0 0.0 1.0 44
*** t = 26
2.716925816019124 1.0 0.0 1.0 1
1.5990050637601263 1.0 0.0 1.0 3
1.6546764616506455 1.0 4.0 1.0 4
1.6352368180031203 1.0 0.0 1.0 5
1.5456441368202738 1.0 4.0 1.0 6
1.3820198530851486 1.0 4.0 1.0 7
2.4777217100633653 1.0 0.0 1.0 9
1.9242337664323192 1.0 0.0 1.0 10
1.02439412721578 1.0 4.0 1.0 11
4.0 1.8054539847375748 4.0 2.0 13
0.0 0.14039390331160084 0.0 0.0 16
0.0 1.8457237587350288 0.0 2.0 18
3.385230482848356 1.0 0.0 1.0 19
4.71464843125424 1.0 5.0 1.0 20
4.0 0.5175373028255474 4.0 0.0 21
0.0 1.3583781464050684 0.0 2.0 22
4.0907961066422835 1.0 5.0 1.0 23
0.10055709929749446 1.0 4.0 1.0 24
4.0 0.7248089110493088 4.0 1.0 25
3.534225803847389 1.0 0.0 1.0 26
0.0 1.4599868476711753 0.0 2.0 27
4.0 1.0919748383110122 4.0 1.0 28
0.0 0.6988450284466171 0.0 1.0 29
4.0 0.6228578259186479 4.0 1.0 30
3.8419368949231796 1.0 0.0 1.0 31
4.0 1.1661388471500946 4.0 2.0 32
0.0 0.775269576246054 0.0 1.0 33
0.0 1.3331231713434875 0.0 1.0 34
4.0 1.100383589114903 4.0 1.0 35
4.0 0.8138552835881262 4.0 1.0 36
4.495808499710883 1.0 4.0 1.0 37
0.0 0.5436920100382995 0.0 1.0 38
4.0 1.5123798674998516 4.0 1.0 39
0.0 0.1520616448274844 0.0 1.0 40
4.0 0.22938137509657636 4.0 1.0 41
4.0 1.6974490927090118 4.0 1.0 42
4.743715477213728 1.0 4.0 1.0 43
0.0 1.8624172508912786 0.0 1.0 44
0.0 0.0 0.0 1.0 45
4.0 2.0 4.0 1.0 46
*** t = 27
2.621797725019921 1.0 0.0 1.0 1
1.4511357187062188 1.0 0.0 1.0 3
1.7753435735438567 1.0 4.0 1.0 4
1.482293037003262 1.0 0.0 1.0 5
1.6668652861926678 1.0 4.0 1.0 6
1.501120845739406 1.0 4.0 1.0 7
2.3516077955665335 1.0 0.0 1.0 9
1.770445454753935 1.0 0.0 1.0 10
1.1368604676166565 1.0 4.0 1.0 11
4.0 1.9116571603103734 4.0 2.0 13
0.0 0.024168522268575868 0.0 0.0 16
0.0 1.9775611700732452 0.0 2.0 18
3.26988980305181 1.0 0.0 1.0 19
4.8371233192009715 1.0 5.0 1.0 20
4.0 0.4116471101702292 4.0 0.0 21
0.0 1.4715763252721574 0.0 2.0 22
4.181695782195807 1.0 5.0 1.0 23
0.20060774468817577 1.0 4.0 1.0 24
4.0 0.7907006302356095 4.0 1.0 25
3.4009736041971514 1.0 0.0 1.0 26
0.0 1.6059855324382928 0.0 2.0 27
4.0 1.0011723221421134 4.0 1.0 28
0.0 0.7862006570024442 0.0 1.0 29
4.0 0.7007150541584789 4.0 1.0 30
3.697179006788577 1.0 0.0 1.0 31
4.0 1.3119062030438566 4.0 2.0 32
0.0 0.9044811722870629 0.0 1.0 33
0.0 1.2219770332340687 0.0 1.0 34
4.0 0.9504475206340535 4.0 0.0 35
4.0 0.9766263403057515 4.0 1.0 36
4.394970199653059 1.0 4.0 1.0 37
0.0 0.6796150125478744 0.0 1.0 38
4.0 1.3904748343748146 4.0 1.0 39
0.0 0.22809246724122662 0.0 1.0 40
4.0 0.34407206264486456 4.0 1.0 41
4.0 1.5461736390635177 4.0 1.0 42
4.615573215820592 1.0 4.0 1.0 43
0.0 1.7248345017825573 0.0 1.0 44
0.0 0.14782681890211585 0.0 1.0 45
4.0 1.8861476709909348 4.0 1.0 46
4.0 0.0 4.0 1.0 47
5.0 1.0 4.0 1.0 48
*** t = 28
2.5266696340207178 1.0 0.0 1.0 1
1.3032663736523113 1.0 0.0 1.0 3
1.896010685437068 1.0 4.0 1.0 4
1.329349256003404 1.0 0.0 1.0 5
1.7880864355650619 1.0 4.0 1.0 6
1.6202218383936635 1.0 4.0 1.0 7
2.225493881069702 1.0 0.0 1.0 9
1.6166571430755508 1.0 0.0 1.0 10
1.2493268080175333 1.0 4.0 1.0 11
3.154549123255264 1.0 0.0 1.0 19
4.959598207147703 1.0 5.0 1.0 20
4.0 0.30575691751491096 4.0 0.0 21
0.0 1.5847745041392465 0.0 2.0 22
4.272595457749331 1.0 5.0 1.0 23
0.3006583900788571 1.0 4.0 1.0 24
4.0 0.8565923494219103 4.0 1.0 25
3.267721404546914 1.0 0.0 1.0 26
0.0 1.7519842172054103 0.0 2.0 27
3.9103698059732146 1.0 0.0 1.0 28
0.0 0.8735562855582714 0.0 1.0 29
4.0 0.7785722823983099 4.0 1.0 30
3.5524211186539745 1.0 0.0 1.0 31
4.0 1.4576735589376186 4.0 2.0 32
0.0 1.0336927683280719 0.0 2.0 33
0.0 1.11083089512465 0.0 1.0 34
4.0 0.800511452153204 4.0 0.0 35
3.8606026029766234 1.0 0.0 1.0 36
4.294131899595236 1.0 4.0 1.0 37
0.0 0.8155380150574493 0.0 1.0 38
4.0 1.2685698012497775 4.0 1.0 39
0.0 0.3041232896549688 0.0 1.0 40
4.0 0.4587627501931527 4.0 1.0 41
4.0 1.3948981854180236 4.0 1.0 42
4.487430954427456 1.0 4.0 1.0 43
0.0 1.587251752673836 0.0 1.0 44
0.0 0.2956536378042317 0.0 1.0 45
4.0 1.7722953419818697 4.0 1.0 46
4.0 0.1858901970729925 4.0 1.0 47
4.879155536861676 1.0 4.0 1.0 48
0.0 0.0 0.0 1.0 49
4.0 2.0 4.0 1.0 50
*** t = 29
2.4315415430215146 1.0 0.0 1.0 1
1.1553970285984039 1.0 0.0 1.0 3
2.016677797330279 1.0 4.0 1.0 4
1.1764054750035458 1.0 0.0 1.0 5
1.909307584937456 1.0 4.0 1.0 6
1.739322831047921 1.0 4.0 1.0 7
2.09937996657287 1.0 0.0 1.0 9
1.4628688313971665 1.0 0.0 1.0 10
1.36179314841841 1.0 4.0 1.0 11
3.039208443458718 1.0 0.0 1.0 19
4.0 0.19986672485959273 4.0 0.0 21
0.0 1.6979726830063355 0.0 2.0 22
4.363495133302854 1.0 5.0 1.0 23
0.4007090354695384 1.0 4.0 1.0 24
4.0 0.9224840686082111 4.0 1.0 25
3.1344692048966767 1.0 0.0 1.0 26
0.0 1.8979829019725278 0.0 2.0 27
3.819567289804316 1.0 0.0 1.0 28
0.0 0.9609119141140985 0.0 1.0 29
4.0 0.8564295106381409 4.0 1.0 30
3.407663230519372 1.0 0.0 1.0 31
4.0 1.6034409148313806 4.0 2.0 32
0.0 1.1629043643690808 0.0 2.0 33
3.15242984768746E-4 1.0 4.0 1.0 34
4.0 0.6505753836723545 4.0 0.0 35
3.6978315462589983 1.0 0.0 1.0 36
4.193293599537412 1.0 4.0 1.0 37
0.0 0.9514610175670242 0.0 1.0 38
4.0 1.1466647681247404 4.0 1.0 39
0.0 0.380154112068711 0.0 1.0 40
4.0 0.5734534377414409 4.0 1.0 41
4.0 1.2436227317725295 4.0 1.0 42
4.35928869303432 1.0 4.0 1.0 43
0.0 1.4496690035651145 0.0 1.0 44
0.0 0.44348045670634756 0.0 1.0 45
4.0 1.6584430129728045 4.0 1.0 46
4.0 0.371780394145985 4.0 1.0 47
4.758311073723352 1.0 4.0 1.0 48
0.0 0.09674398437611417 0.0 1.0 49
4.0 1.843293821093413 4.0 1.0 50
*** t = 30
2.3364134520223114 1.0 0.0 1.0 1
1.0075276835444964 1.0 0.0 1.0 3
2.1373449092234904 1.0 4.0 1.0 4
1.0234616940036876 1.0 0.0 1.0 5
2.0305287343098497 1.0 4.0 1.0 6
1.8584238237021784 1.0 4.0 1.0 7
1.9732660520760383 1.0 0.0 1.0 9
1.3090805197187823 1.0 0.0 1.0 10
1.4742594888192868 1.0 4.0 1.0 11
2.923867763662172 1.0 0.0 1.0 19
4.0 0.09397653220427449 4.0 0.0 21
0.0 1.8111708618734246 0.0 2.0 22
4.454394808856378 1.0 5.0 1.0 23
0.5007596808602197 1.0 4.0 1.0 24
4.0 0.9883757877945119 4.0 1.0 25
3.0012170052464393 1.0 0.0 1.0 26
3.728764773635417 1.0 0.0 1.0 28
0.0 1.0482675426699257 0.0 2.0 29
4.0 0.9342867388779719 4.0 1.0 30
3.2629053423847694 1.0 0.0 1.0 31
4.0 1.7492082707251426 4.0 2.0 32
0.0 1.2921159604100898 0.0 2.0 33
0.11146138109418743 1.0 4.0 1.0 34
4.0 0.500639315191505 4.0 0.0 35
3.5350604895413733 1.0 0.0 1.0 36
4.092455299479589 1.0 4.0 1.0 37
0.0 1.087384020076599 0.0 2.0 38
4.0 1.0247597349997033 4.0 1.0 39
0.0 0.45618493448245323 0.0 1.0 40
4.0 0.688144125289729 4.0 1.0 41
4.0 1.0923472781270354 4.0 1.0 42
4.231146431641184 1.0 4.0 1.0 43
0.0 1.3120862544563932 0.0 1.0 44
0.0 0.5913072756084634 0.0 1.0 45
4.0 1.5445906839637393 4.0 1.0 46
4.0 0.5576705912189776 4.0 1.0 47
4.637466610585028 1.0 4.0 1.0 48
0.0 0.19348796875222835 0.0 1.0 49
4.0 1.6865876421868262 4.0 1.0 50
0.0 0.0 0.0 1.0 51
0.0 2.0 0.0 1.0 52
4.0 0.0 4.0 1.0 53
4.0 2.0 4.0 1.0 54
5.0 1.0 4.0 1.0 55
*** t = 31
2.2412853610231083 1.0 0.0 1.0 1
0.8596583384905889 1.0 0.0 1.0 3
2.2580120211167016 1.0 4.0 1.0 4
0.8705179130038293 1.0 0.0 1.0 5
2.1517498836822435 1.0 4.0 1.0 6
1.9775248163564358 1.0 4.0 1.0 7
1.8471521375792066 1.0 0.0 1.0 9
1.155292208040398 1.0 0.0 1.0 10
1.5867258292201636 1.0 4.0 1.0 11
2.808527083865626 1.0 0.0 1.0 19
0.0 1.9243690407405136 0.0 2.0 22
4.545294484409902 1.0 5.0 1.0 23
0.600810326250901 1.0 4.0 1.0 24
3.9457324930191873 1.0 0.0 1.0 25
2.867964805596202 1.0 0.0 1.0 26
3.6379622574665182 1.0 0.0 1.0 28
0.0 1.135623171225753 0.0 2.0 29
4.0 1.0121439671178027 4.0 2.0 30
3.118147454250167 1.0 0.0 1.0 31
4.0 1.8949756266189046 4.0 2.0 32
0.0 1.4213275564510988 0.0 2.0 33
0.2226075192036061 1.0 4.0 1.0 34
4.0 0.3507032467106555 4.0 0.0 35
3.3722894328237483 1.0 0.0 1.0 36
4.0 1.0083830005782346 4.0 2.0 37
0.0 1.2233070225861737 0.0 2.0 38
3.902854701874666 1.0 0.0 1.0 39
0.0 0.5322157568961954 0.0 1.0 40
4.0 0.8028348128380172 4.0 1.0 41
4.058928175518459 1.0 5.0 1.0 42
4.103004170248048 1.0 4.0 1.0 43
0.0 1.1745035053476718 0.0 1.0 44
0.0 0.7391340945105793 0.0 1.0 45
4.0 1.4307383549546742 4.0 1.0 46
4.0 0.74356078829197 4.0 1.0 47
4.516622147446704 1.0 4.0 1.0 48
0.0 0.2902319531283425 0.0 1.0 49
4.0 1.5298814632802393 4.0 1.0 50
0.0 0.09236210772462845 0.0 1.0 51
0.0 1.8276311610763292 0.0 1.0 52
4.0 0.13965269987953216 4.0 1.0 53
4.0 1.8401322706015928 4.0 1.0 54
4.839845828982828 1.0 4.0 1.0 55
*** t = 32
2.146157270023905 1.0 0.0 1.0 1
0.7117889934366814 1.0 0.0 1.0 3
2.378679133009913 1.0 4.0 1.0 4
0.717574132003971 1.0 0.0 1.0 5
2.2729710330546373 1.0 4.0 1.0 6
2.096625809010693 1.0 4.0 1.0 7
1.7210382230823749 1.0 0.0 1.0 9
1.0015038963620138 1.0 0.0 1.0 10
1.6991921696210404 1.0 4.0 1.0 11
2.6931864040690803 1.0 0.0 1.0 19
4.636194159963425 1.0 5.0 1.0 23
0.7008609716415823 1.0 4.0 1.0 24
3.8798407738328864 1.0 0.0 1.0 25
2.7347126059459645 1.0 0.0 1.0 26
3.5471597412976195 1.0 0.0 1.0 28
0.0 1.2229787997815802 0.0 2.0 29
4.0 1.0900011953576336 4.0 2.0 30
2.9733895661155643 1.0 0.0 1.0 31
0.0 1.5505391524921077 0.0 2.0 33
0.3337536573130248 1.0 4.0 1.0 34
4.0 0.20076717822980605 4.0 0.0 35
3.2095183761061232 1.0 0.0 1.0 36
4.0 1.109221300636058 4.0 2.0 37
0.0 1.3592300250957485 0.0 2.0 38
3.7809496687496287 1.0 0.0 1.0 39
0.0 0.6082465793099376 0.0 1.0 40
4.0 0.9175255003863053 4.0 1.0 41
4.210203629163954 1.0 5.0 1.0 42
4.0 0.9748619088549122 4.0 0.0 43
0.0 1.0369207562389504 0.0 1.0 44
0.0 0.8869609134126952 0.0 1.0 45
4.0 1.316886025945609 4.0 1.0 46
4.0 0.9294509853649625 4.0 1.0 47
4.39577768430838 1.0 4.0 1.0 48
0.0 0.3869759375044567 0.0 1.0 49
4.0 1.3731752843736524 4.0 1.0 50
0.0 0.1847242154492569 0.0 1.0 51
0.0 1.6552623221526583 0.0 1.0 52
4.0 0.2793053997590643 4.0 1.0 53
4.0 1.6802645412031856 4.0 1.0 54
4.679691657965655 1.0 4.0 1.0 55
0.0 0.0 0.0 1.0 56
4.0 2.0 4.0 1.0 57
*** t = 33
2.051029179024702 1.0 0.0 1.0 1
0.563919648382774 1.0 0.0 1.0 3
2.499346244903124 1.0 4.0 1.0 4
0.5646303510041127 1.0 0.0 1.0 5
2.394192182427031 1.0 4.0 1.0 6
2.2157268016649505 1.0 4.0 1.0 7
1.5949243085855431 1.0 0.0 1.0 9
0.8477155846836296 1.0 0.0 1.0 10
1.8116585100219171 1.0 4.0 1.0 11
2.5778457242725343 1.0 0.0 1.0 19
4.727093835516949 1.0 5.0 1.0 23
0.8009116170322637 1.0 4.0 1.0 24
3.8139490546465855 1.0 0.0 1.0 25
2.601460406295727 1.0 0.0 1.0 26
3.4563572251287207 1.0 0.0 1.0 28
0.0 1.3103344283374074 0.0 2.0 29
4.0 1.1678584235974645 4.0 2.0 30
2.8286316779809617 1.0 0.0 1.0 31
0.0 1.6797507485331167 0.0 2.0 33
0.4448997954224435 1.0 4.0 1.0 34
4.0 0.050831109748956604 4.0 0.0 35
3.046747319388498 1.0 0.0 1.0 36
4.0 1.2100596006938815 4.0 2.0 37
0.0 1.4951530276053233 0.0 2.0 38
3.6590446356245914 1.0 0.0 1.0 39
0.0 0.6842774017236799 0.0 1.0 40
3.9677838120654063 1.0 0.0 1.0 41
4.361479082809448 1.0 5.0 1.0 42
4.0 0.8467196474617764 4.0 0.0 43
0.0 0.8993380071302289 0.0 0.0 44
0.0 1.0347877323148111 0.0 2.0 45
4.0 1.2030336969365438 4.0 1.0 46
3.884658817562045 1.0 0.0 1.0 47
4.2749332211700555 1.0 4.0 1.0 48
0.0 0.4837199218805709 0.0 1.0 49
4.0 1.2164691054670655 4.0 1.0 50
0.0 0.2770863231738854 0.0 1.0 51
0.0 1.4828934832289875 0.0 1.0 52
4.0 0.4189580996385965 4.0 1.0 53
4.0 1.5203968118047784 4.0 1.0 54
4.519537486948483 1.0 4.0 1.0 55
0.0 0.10723100244077806 0.0 1.0 56
4.0 1.8630121733051657 4.0 1.0 57
4.0 0.0 4.0 1.0 58
5.0 1.0 4.0 1.0 59
*** t = 34
1.9559010880254988 1.0 0.0 1.0 1
0.4160503033288665 1.0 0.0 1.0 3
2.6200133567963353 1.0 4.0 1.0 4
0.41168657000425446 1.0 0.0 1.0 5
2.515413331799425 1.0 4.0 1.0 6
2.334827794319208 1.0 4.0 1.0 7
1.4688103940887114 1.0 0.0 1.0 9
0.6939272730052455 1.0 0.0 1.0 10
1.924124850422794 1.0 4.0 1.0 11
2.4625050444759884 1.0 0.0 1.0 19
4.817993511070473 1.0 5.0 1.0 23
0.900962262422945 1.0 4.0 1.0 24
3.7480573354602846 1.0 0.0 1.0 25
2.46820820664549 1.0 0.0 1.0 26
3.365554708959822 1.0 0.0 1.0 28
0.0 1.3976900568932347 0.0 2.0 29
4.0 1.2457156518372954 4.0 2.0 30
2.683873789846359 1.0 0.0 1.0 31
0.0 1.8089623445741256 0.0 2.0 33
0.5560459335318622 1.0 4.0 1.0 34
2.883976262670873 1.0 0.0 1.0 36
4.0 1.310897900751705 4.0 2.0 37
0.0 1.631076030114898 0.0 2.0 38
3.537139602499554 1.0 0.0 1.0 39
0.0 0.7603082241374222 0.0 1.0 40
3.8530931245171183 1.0 0.0 1.0 41
4.512754536454943 1.0 5.0 1.0 42
4.0 0.7185773860686406 4.0 0.0 43
0.0 0.7617552580215075 0.0 0.0 44
0.0 1.182614551216927 0.0 2.0 45
4.0 1.0891813679274787 4.0 1.0 46
3.6987686204890524 1.0 0.0 1.0 47
4.154088758031731 1.0 4.0 1.0 48
0.0 0.5804639062566851 0.0 1.0 49
4.0 1.0597629265604787 4.0 1.0 50
0.0 0.3694484308985138 0.0 1.0 51
0.0 1.3105246443053167 0.0 1.0 52
4.0 0.5586107995181286 4.0 1.0 53
4.0 1.3605290824063712 4.0 1.0 54
4.359383315931311 1.0 4.0 1.0 55
0.0 0.21446200488155612 0.0 1.0 56
4.0 1.7260243466103313 4.0 1.0 57
4.0 0.15653929124139468 4.0 1.0 58
4.873371743141902 1.0 4.0 1.0 59
0.0 0.0 0.0 1.0 60
4.0 2.0 4.0 1.0 61
*** t = 35
1.8607729970262956 1.0 0.0 1.0 1
0.268180958274959 1.0 0.0 1.0 3
2.7406804686895465 1.0 4.0 1.0 4
0.2587427890043962 1.0 0.0 1.0 5
2.6366344811718188 1.0 4.0 1.0 6
2.4539287869734654 1.0 4.0 1.0 7
1.3426964795918797 1.0 0.0 1.0 9
0.5401389613268613 1.0 0.0 1.0 10
2.0365911908236707 1.0 4.0 1.0 11
2.3471643646794424 1.0 0.0 1.0 19
4.908893186623996 1.0 5.0 1.0 23
1.0010129078136263 1.0 4.0 1.0 24
3.6821656162739838 1.0 0.0 1.0 25
2.3349560069952524 1.0 0.0 1.0 26
3.274752192790923 1.0 0.0 1.0 28
0.0 1.485045685449062 0.0 2.0 29
4.0 1.3235728800771263 4.0 2.0 30
2.5391159017117566 1.0 0.0 1.0 31
0.0 1.9381739406151346 0.0 2.0 33
0.6671920716412808 1.0 4.0 1.0 34
2.721205205953248 1.0 0.0 1.0 36
4.0 1.4117362008095284 4.0 2.0 37
0.0 1.7669990326244729 0.0 2.0 38
3.4152345693745167 1.0 0.0 1.0 39
0.0 0.8363390465511644 0.0 1.0 40
3.7384024369688302 1.0 0.0 1.0 41
4.664029990100437 1.0 5.0 1.0 42
4.0 0.5904351246755049 4.0 0.0 43
0.0 0.624172508912786 0.0 0.0 44
0.0 1.330441370119043 0.0 2.0 45
3.9753290389184133 1.0 0.0 1.0 46
3.5128784234160597 1.0 0.0 1.0 47
4.033244294893407 1.0 4.0 1.0 48
0.0 0.6772078906327993 0.0 1.0 49
4.0 0.9030567476538917 4.0 0.0 50
0.0 0.46181053862314225 0.0 1.0 51
0.0 1.1381558053816458 0.0 1.0 52
4.0 0.6982634993976609 4.0 1.0 53
4.0 1.200661353007964 4.0 1.0 54
4.199229144914138 1.0 4.0 1.0 55
0.0 0.3216930073223342 0.0 1.0 56
4.0 1.589036519915497 4.0 1.0 57
4.0 0.31307858248278936 4.0 1.0 58
4.746743486283805 1.0 4.0 1.0 59
0.0 0.08513867720830688 0.0 1.0 60
4.0 1.945838075698024 4.0 1.0 61
0.0 2.0 0.0 1.0 62
*** t = 36
1.7656449060270925 1.0 0.0 1.0 1
0.12031161322105152 1.0 0.0 1.0 3
2.8613475805827577 1.0 4.0 1.0 4
0.10579900800453793 1.0 0.0 1.0 5
2.7578556305442126 1.0 4.0 1.0 6
2.573029779627723 1.0 4.0 1.0 7
1.216582565095048 1.0 0.0 1.0 9
0.3863506496484772 1.0 0.0 1.0 10
2.1490575312245475 1.0 4.0 1.0 11
2.2318236848828965 1.0 0.0 1.0 19
4.99979286217752 1.0 5.0 1.0 23
1.1010635532043076 1.0 4.0 1.0 24
3.616273897087683 1.0 0.0 1.0 25
2.201703807345015 1.0 0.0 1.0 26
3.1839496766220243 1.0 0.0 1.0 28
0.0 1.5724013140048891 0.0 2.0 29
4.0 1.4014301083169571 4.0 2.0 30
2.394358013577154 1.0 0.0 1.0 31
0.7783382097506995 1.0 4.0 1.0 34
2.558434149235623 1.0 0.0 1.0 36
4.0 1.512574500867352 4.0 2.0 37
0.0 1.9029220351340477 0.0 2.0 38
3.2933295362494794 1.0 0.0 1.0 39
0.0 0.9123698689649067 0.0 1.0 40
3.623711749420542 1.0 0.0 1.0 41
4.815305443745932 1.0 5.0 1.0 42
4.0 0.4622928632823691 4.0 0.0 43
0.0 0.4865897598040645 0.0 0.0 44
0.0 1.4782681890211589 0.0 2.0 45
3.861476709909348 1.0 0.0 1.0 46
3.326988226343067 1.0 0.0 1.0 47
3.9123998317550837 1.0 0.0 1.0 48
0.0 0.7739518750089135 0.0 1.0 49
4.0 0.7463505687473047 4.0 0.0 50
0.0 0.5541726463477707 0.0 1.0 51
0.0342130335420249 1.0 4.0 1.0 52
4.0 0.8379161992771931 4.0 1.0 53
4.0 1.0407936236095567 4.0 1.0 54
4.039074973896966 1.0 4.0 1.0 55
0.0 0.42892400976311224 0.0 1.0 56
4.0 1.4520486932206627 4.0 1.0 57
4.0 0.46961787372418407 4.0 1.0 58
4.620115229425707 1.0 4.0 1.0 59
0.0 0.17027735441661376 0.0 1.0 60
4.0 1.891676151396048 4.0 1.0 61
0.0 1.8027296712685232 0.0 1.0 62
0.0 0.0 0.0 1.0 63
4.0 0.0 4.0 1.0 64
4.0 2.0 4.0 1.0 65
5.0 1.0 4.0 1.0 66
*** t = 37
1.6705168150278893 1.0 0.0 1.0 1
0.0 1.027557731832856 0.0 2.0 3
2.982014692475969 1.0 4.0 1.0 4
0.0 1.0471447729953203 0.0 2.0 5
2.8790767799166064 1.0 4.0 1.0 6
2.6921307722819803 1.0 4.0 1.0 7
1.0904686505982162 1.0 0.0 1.0 9
0.23256233797009304 1.0 0.0 1.0 10
2.2615238716254242 1.0 4.0 1.0 11
2.1164830050863506 1.0 0.0 1.0 19
1.201114198594989 1.0 4.0 1.0 24
3.550382177901382 1.0 0.0 1.0 25
2.0684516076947776 1.0 0.0 1.0 26
3.0931471604531255 1.0 0.0 1.0 28
0.0 1.6597569425607164 0.0 2.0 29
4.0 1.479287336556788 4.0 2.0 30
2.2496001254425515 1.0 0.0 1.0 31
0.8894843478601181 1.0 4.0 1.0 34
2.395663092517998 1.0 0.0 1.0 36
4.0 1.6134128009251754 4.0 2.0 37
3.171424503124442 1.0 0.0 1.0 39
0.0 0.9884006913786489 0.0 1.0 40
3.509021061872254 1.0 0.0 1.0 41
4.9665808973914265 1.0 5.0 1.0 42
4.0 0.3341506018892334 4.0 0.0 43
0.0 0.349007010695343 0.0 0.0 44
0.0 1.6260950079232748 0.0 2.0 45
3.7476243809002825 1.0 0.0 1.0 46
3.1410980292700743 1.0 0.0 1.0 47
3.79155536861676 1.0 0.0 1.0 48
0.0 0.8706958593850277 0.0 1.0 49
4.0 0.5896443898407177 4.0 0.0 50
0.0 0.6465347540723992 0.0 1.0 51
0.20658187246569565 1.0 4.0 1.0 52
4.0 0.9775688991567253 4.0 1.0 53
3.8809258942111495 1.0 0.0 1.0 54
3.878920802879794 1.0 0.0 1.0 55
0.0 0.5361550122038903 0.0 1.0 56
4.0 1.3150608665258283 4.0 1.0 57
4.0 0.6261571649655787 4.0 1.0 58
4.493486972567609 1.0 4.0 1.0 59
0.0 0.25541603162492066 0.0 1.0 60
4.0 1.837514227094072 4.0 1.0 61
0.0 1.6054593425370465 0.0 1.0 62
0.0 0.14257314385839967 0.0 1.0 63
4.0 0.13725527162958817 4.0 1.0 64
4.0 1.914185864288958 4.0 1.0 65
4.862392233116286 1.0 4.0 1.0 66
*** t = 38
1.5753887240286861 1.0 0.0 1.0 1
0.0 1.1754270768867634 0.0 2.0 3
3.10268180436918 1.0 4.0 1.0 4
0.0 1.2000885539951784 0.0 2.0 5
3.000297929289 1.0 4.0 1.0 6
2.8112317649362377 1.0 4.0 1.0 7
0.9643547361013846 1.0 0.0 1.0 9
0.07877402629170888 1.0 0.0 1.0 10
2.373990212026301 1.0 4.0 1.0 11
2.0011423252898046 1.0 0.0 1.0 19
1.3011648439856702 1.0 4.0 1.0 24
3.484490458715081 1.0 0.0 1.0 25
1.9351994080445403 1.0 0.0 1.0 26
3.0023446442842268 1.0 0.0 1.0 28
0.0 1.7471125711165436 0.0 2.0 29
4.0 1.557144564796619 4.0 2.0 30
2.104842237307949 1.0 0.0 1.0 31
1.0006304859695367 1.0 4.0 1.0 34
2.232892035800373 1.0 0.0 1.0 36
4.0 1.7142511009829988 4.0 2.0 37
3.049519469999405 1.0 0.0 1.0 39
0.0 1.0644315137923912 0.0 2.0 40
3.394330374323966 1.0 0.0 1.0 41
4.0 0.20600834049609767 4.0 0.0 43
0.0 0.21142426158662156 0.0 0.0 44
0.0 1.7739218268253907 0.0 2.0 45
3.633772051891217 1.0 0.0 1.0 46
2.9552078321970816 1.0 0.0 1.0 47
3.6707109054784364 1.0 0.0 1.0 48
0.0 0.9674398437611419 0.0 1.0 49
4.0 0.43293821093413065 4.0 0.0 50
0.0 0.7388968617970277 0.0 1.0 51
0.3789507113893664 1.0 4.0 1.0 52
3.8827784009637427 1.0 0.0 1.0 53
3.7210581648127423 1.0 0.0 1.0 54
3.7187666318626222 1.0 0.0 1.0 55
0.0 0.6433860146446684 0.0 1.0 56
4.0 1.178073039830994 4.0 1.0 57
4.0 0.7826964562069734 4.0 1.0 58
4.366858715709512 1.0 4.0 1.0 59
0.0 0.3405547088332275 0.0 1.0 60
4.0 1.7833523027920961 4.0 1.0 61
0.0 1.4081890138055697 0.0 1.0 62
0.0 0.28514628771679934 0.0 1.0 63
4.0 0.27451054325917634 4.0 1.0 64
4.0 1.828371728577916 4.0 1.0 65
4.724784466232572 1.0 4.0 1.0 66
0.0 0.0 0.0 1.0 67
4.0 2.0 4.0 1.0 68
*** t = 39
1.480260633029483 1.0 0.0 1.0 1
0.0 1.3232964219406709 0.0 2.0 3
3.2233489162623914 1.0 4.0 1.0 4
0.0 1.3530323349950366 0.0 2.0 5
3.121519078661394 1.0 4.0 1.0 6
2.930332757590495 1.0 4.0 1.0 7
0.8382408216045529 1.0 0.0 1.0 9
0.0 1.0750142853866753 0.0 2.0 10
2.486456552427178 1.0 4.0 1.0 11
1.8858016454932587 1.0 0.0 1.0 19
1.4012154893763515 1.0 4.0 1.0 24
3.4185987395287802 1.0 0.0 1.0 25
1.801947208394303 1.0 0.0 1.0 26
2.911542128115328 1.0 0.0 1.0 28
0.0 1.8344681996723708 0.0 2.0 29
4.0 1.6350017930364498 4.0 2.0 30
1.9600843491733464 1.0 0.0 1.0 31
1.1117766240789555 1.0 4.0 1.0 34
2.070120979082748 1.0 0.0 1.0 36
4.0 1.8150894010408223 4.0 2.0 37
2.9276144368743675 1.0 0.0 1.0 39
0.0 1.1404623362061335 0.0 2.0 40
3.279639686775678 1.0 0.0 1.0 41
4.0 0.07786607910296195 4.0 0.0 43
0.0 0.0738415124779001 0.0 0.0 44
0.0 1.9217486457275066 0.0 2.0 45
3.5199197228821517 1.0 0.0 1.0 46
2.769317635124089 1.0 0.0 1.0 47
3.5498664423401127 1.0 0.0 1.0 48
0.06418382813725607 1.0 4.0 1.0 49
4.0 0.27623203202754365 4.0 0.0 50
0.0 0.8312589695216562 0.0 1.0 51
0.5513195503130371 1.0 4.0 1.0 52
3.7431257010842107 1.0 0.0 1.0 53
3.561190435414335 1.0 0.0 1.0 54
3.5586124608454504 1.0 0.0 1.0 55
0.0 0.7506170170854465 0.0 1.0 56
4.0 1.0410852131361596 4.0 1.0 57
4.0 0.939235747448368 4.0 1.0 58
4.240230458851414 1.0 4.0 1.0 59
0.0 0.4256933860415344 0.0 1.0 60
4.0 1.7291903784901201 4.0 1.0 61
0.0 1.210918685074093 0.0 1.0 62
0.0 0.427719431575199 0.0 1.0 63
4.0 0.4117658148887645 4.0 1.0 64
4.0 1.742557592866874 4.0 1.0 65
4.587176699348858 1.0 4.0 1.0 66
0.0 0.08329676415169059 0.0 1.0 67
4.0 1.8669877043190704 4.0 1.0 68
4.0 0.0 4.0 1.0 69
5.0 1.0 4.0 1.0 70
*** t = 40
1.3851325420302798 1.0 0.0 1.0 1
0.0 1.4711657669945783 0.0 2.0 3
3.3440160281556026 1.0 4.0 1.0 4
0.0 1.5059761159948948 0.0 2.0 5
3.242740228033788 1.0 4.0 1.0 6
3.0494337502447526 1.0 4.0 1.0 7
0.7121269071077213 1.0 0.0 1.0 9
0.0 1.2288025970650596 0.0 2.0 10
2.5989228928280546 1.0 4.0 1.0 11
1.7704609656967127 1.0 0.0 1.0 19
1.5012661347670329 1.0 4.0 1.0 24
3.3527070203424794 1.0 0.0 1.0 25
1.6686950087440655 1.0 0.0 1.0 26
2.820739611946429 1.0 0.0 1.0 28
0.0 1.921823828228198 0.0 2.0 29
4.0 1.7128590212762806 4.0 2.0 30
1.8153264610387438 1.0 0.0 1.0 31
1.2229227621883743 1.0 4.0 1.0 34
1.9073499223651227 1.0 0.0 1.0 36
4.0 1.9159277010986457 4.0 2.0 37
2.80570940374933 1.0 0.0 1.0 39
0.0 1.2164931586198757 0.0 2.0 40
3.16494899922739 1.0 0.0 1.0 41
3.4060673938730863 1.0 0.0 1.0 46
2.583427438051096 1.0 0.0 1.0 47
3.429021979201789 1.0 0.0 1.0 48
0.16092781251337024 1.0 4.0 1.0 49
4.0 0.11952585312095668 4.0 0.0 50
0.0 0.9236210772462847 0.0 1.0 51
0.7236883892367079 1.0 4.0 1.0 52
3.6034730012046787 1.0 0.0 1.0 53
3.401322706015928 1.0 0.0 1.0 54
3.3984582898282785 1.0 0.0 1.0 55
0.0 0.8578480195262246 0.0 1.0 56
4.095902613558675 1.0 5.0 1.0 57
4.0 1.0957750386897627 4.0 2.0 58
4.1136022019933165 1.0 4.0 1.0 59
0.0 0.5108320632498413 0.0 1.0 60
4.0 1.6750284541881442 4.0 1.0 61
0.0 1.0136483563426162 0.0 1.0 62
0.0 0.5702925754335987 0.0 1.0 63
4.0 0.5490210865183527 4.0 1.0 64
4.0 1.656743457155832 4.0 1.0 65
4.449568932465144 1.0 4.0 1.0 66
0.0 0.16659352830338117 0.0 1.0 67
4.0 1.7339754086381407 4.0 1.0 68
4.0 0.11315169793157784 4.0 1.0 69
4.881382771850464 1.0 4.0 1.0 70
0.0 0.0 0.0 1.0 71
0.0 2.0 0.0 1.0 72
4.0 2.0 4.0 1.0 73
*** t = 41
1.2900044510310766 1.0 0.0 1.0 1
0.0 1.6190351120484858 0.0 2.0 3
3.464683140048814 1.0 4.0 1.0 4
0.0 1.658919896994753 0.0 2.0 5
3.3639613774061816 1.0 4.0 1.0 6
3.16853474289901 1.0 4.0 1.0 7
0.5860129926108897 1.0 0.0 1.0 9
0.0 1.3825909087434438 0.0 2.0 10
2.7113892332289313 1.0 4.0 1.0 11
1.6551202859001668 1.0 0.0 1.0 19
1.6013167801577142 1.0 4.0 1.0 24
3.2868153011561785 1.0 0.0 1.0 25
1.5354428090938281 1.0 0.0 1.0 26
2.7299370957775304 1.0 0.0 1.0 28
4.0 1.7907162495161115 4.0 2.0 30
1.6705685729041413 1.0 0.0 1.0 31
1.334068900297793 1.0 4.0 1.0 34
1.7445788656474974 1.0 0.0 1.0 36
2.683804370624293 1.0 0.0 1.0 39
0.0 1.292523981033618 0.0 2.0 40
3.050258311679102 1.0 0.0 1.0 41
3.292215064864021 1.0 0.0 1.0 46
2.3975372409781035 1.0 0.0 1.0 47
3.3081775160634654 1.0 0.0 1.0 48
0.2576717968894844 1.0 4.0 1.0 49
0.01598318497091318 1.0 4.0 1.0 51
0.8960572281603786 1.0 4.0 1.0 52
3.4638203013251467 1.0 0.0 1.0 53
3.2414549766175207 1.0 0.0 1.0 54
3.2383041188111066 1.0 0.0 1.0 55
0.0 0.9650790219670027 0.0 1.0 56
4.2328904402535095 1.0 5.0 1.0 57
4.0 1.2523143299311574 4.0 2.0 58
3.986973945135219 1.0 0.0 1.0 59
0.0 0.5959707404581482 0.0 1.0 60
4.0 1.6208665298861682 4.0 1.0 61
0.18362197238886047 1.0 4.0 1.0 62
0.0 0.7128657192919984 0.0 1.0 63
4.0 0.6862763581479409 4.0 1.0 64
4.0 1.57092932144479 4.0 1.0 65
4.3119611655814305 1.0 4.0 1.0 66
0.0 0.24989029245507177 0.0 1.0 67
4.0 1.600963112957211 4.0 1.0 68
4.0 0.22630339586315568 4.0 1.0 69
4.762765543700928 1.0 4.0 1.0 70
0.0 0.1501008709972191 0.0 1.0 71
0.0 1.8463901338556723 0.0 1.0 72
4.0 1.9033411976643946 4.0 1.0 73
*** t = 42
1.1948763600318735 1.0 0.0 1.0 1
0.0 1.7669044571023933 0.0 2.0 3
3.585350251942025 1.0 4.0 1.0 4
0.0 1.8118636779946111 0.0 2.0 5
3.4851825267785754 1.0 4.0 1.0 6
3.2876357355532675 1.0 4.0 1.0 7
0.45989907811405806 1.0 0.0 1.0 9
0.0 1.536379220421828 0.0 2.0 10
2.823855573629808 1.0 4.0 1.0 11
1.5397796061036209 1.0 0.0 1.0 19
1.7013674255483955 1.0 4.0 1.0 24
3.2209235819698776 1.0 0.0 1.0 25
1.4021906094435908 1.0 0.0 1.0 26
2.6391345796086316 1.0 0.0 1.0 28
4.0 1.8685734777559424 4.0 2.0 30
1.5258106847695387 1.0 0.0 1.0 31
1.4452150384072118 1.0 4.0 1.0 34
1.5818078089298722 1.0 0.0 1.0 36
2.5618993374992556 1.0 0.0 1.0 39
0.0 1.3685548034473602 0.0 2.0 40
2.935567624130814 1.0 0.0 1.0 41
3.1783627358549555 1.0 0.0 1.0 46
2.211647043905111 1.0 0.0 1.0 47
3.187333052925142 1.0 0.0 1.0 48
0.3544157812655986 1.0 4.0 1.0 49
0.10834529269554163 1.0 4.0 1.0 51
1.0684260670840493 1.0 4.0 1.0 52
3.3241676014456147 1.0 0.0 1.0 53
3.0815872472191135 1.0 0.0 1.0 54
3.0781499477939347 1.0 0.0 1.0 55
0.07231002440778074 1.0 4.0 1.0 56
4.369878266948344 1.0 5.0 1.0 57
4.0 1.4088536211725522 4.0 2.0 58
3.860345688277121 1.0 0.0 1.0 59
0.0 0.6811094176664552 0.0 1.0 60
4.0 1.5667046055841922 4.0 1.0 61
0.3808923011203371 1.0 4.0 1.0 62
0.0 0.8554388631503981 0.0 1.0 63
4.0 0.823531629777529 4.0 1.0 64
4.0 1.485115185733748 4.0 1.0 65
4.174353398697717 1.0 4.0 1.0 66
0.0 0.33318705660676234 0.0 1.0 67
4.0 1.4679508172762814 4.0 1.0 68
4.0 0.3394550937947335 4.0 1.0 69
4.644148315551392 1.0 4.0 1.0 70
0.0 0.3002017419944382 0.0 1.0 71
0.0 1.6927802677113446 0.0 1.0 72
4.0 1.8066823953287892 4.0 1.0 73
0.0 0.0 0.0 1.0 74
4.0 0.0 4.0 1.0 75
4.0 2.0 4.0 1.0 76
5.0 1.0 4.0 1.0 77
*** t = 43
1.0997482690326703 1.0 0.0 1.0 1
0.0 1.9147738021563008 0.0 2.0 3
3.7060173638352363 1.0 4.0 1.0 4
0.0 1.9648074589944693 0.0 2.0 5
3.6064036761509692 1.0 4.0 1.0 6
3.406736728207525 1.0 4.0 1.0 7
0.33378516361722643 1.0 0.0 1.0 9
0.0 1.6901675321002123 0.0 2.0 10
2.936321914030685 1.0 4.0 1.0 11
1.424438926307075 1.0 0.0 1.0 19
1.8014180709390768 1.0 4.0 1.0 24
3.1550318627835767 1.0 0.0 1.0 25
1.2689384097933534 1.0 0.0 1.0 26
2.548332063439733 1.0 0.0 1.0 28
4.0 1.9464307059957733 4.0 2.0 30
1.3810527966349362 1.0 0.0 1.0 31
1.5563611765166305 1.0 4.0 1.0 34
1.419036752212247 1.0 0.0 1.0 36
2.4399943043742183 1.0 0.0 1.0 39
0.0 1.4445856258611025 0.0 2.0 40
2.820876936582526 1.0 0.0 1.0 41
3.06451040684589 1.0 0.0 1.0 46
2.025756846832118 1.0 0.0 1.0 47
3.066488589786818 1.0 0.0 1.0 48
0.4511597656417128 1.0 4.0 1.0 49
0.2007074004201701 1.0 4.0 1.0 51
1.2407949060077201 1.0 4.0 1.0 52
3.1845149015660827 1.0 0.0 1.0 53
2.9217195178207063 1.0 0.0 1.0 54
2.917995776776763 1.0 0.0 1.0 55
0.1795410268485588 1.0 4.0 1.0 56
4.506866093643179 1.0 5.0 1.0 57
4.0 1.565392912413947 4.0 2.0 58
3.7337174314190236 1.0 0.0 1.0 59
0.0 0.7662480948747621 0.0 1.0 60
4.0 1.5125426812822163 4.0 1.0 61
0.5781626298518138 1.0 4.0 1.0 62
0.0 0.9980120070087978 0.0 1.0 63
4.0 0.9607869014071172 4.0 1.0 64
4.0 1.3993010500227059 4.0 1.0 65
4.036745631814003 1.0 4.0 1.0 66
0.0 0.4164838207584529 0.0 1.0 67
4.0 1.3349385215953518 4.0 1.0 68
4.0 0.45260679172631135 4.0 1.0 69
4.5255310874018555 1.0 4.0 1.0 70
0.0 0.4503026129916573 0.0 1.0 71
0.0 1.539170401567017 0.0 1.0 72
4.0 1.7100235929931837 4.0 1.0 73
0.0 0.10176149601681532 0.0 1.0 74
4.0 0.10688161574760141 4.0 1.0 75
4.0 1.91637705380478 4.0 1.0 76
4.906912000915551 1.0 4.0 1.0 77
*** t = 44
1.0046201780334671 1.0 0.0 1.0 1
3.8266844757284475 1.0 4.0 1.0 4
3.727624825523363 1.0 4.0 1.0 6
3.5258377208617824 1.0 4.0 1.0 7
0.20767124912039478 1.0 0.0 1.0 9
0.0 1.8439558437785966 0.0 2.0 10
3.0487882544315617 1.0 4.0 1.0 11
1.309098246510529 1.0 0.0 1.0 19
1.9014687163297581 1.0 4.0 1.0 24
3.089140143597276 1.0 0.0 1.0 25
1.135686210143116 1.0 0.0 1.0 26
2.457529547270834 1.0 0.0 1.0 28
1.2362949085003336 1.0 0.0 1.0 31
1.6675073146260493 1.0 4.0 1.0 34
1.2562656954946216 1.0 0.0 1.0 36
2.318089271249181 1.0 0.0 1.0 39
0.0 1.5206164482748448 0.0 2.0 40
2.706186249034238 1.0 0.0 1.0 41
2.9506580778368248 1.0 0.0 1.0 46
1.8398666497591256 1.0 0.0 1.0 47
2.9456441266484945 1.0 0.0 1.0 48
0.547903750017827 1.0 4.0 1.0 49
0.29306950814479854 1.0 4.0 1.0 51
1.413163744931391 1.0 4.0 1.0 52
3.0448622016865508 1.0 0.0 1.0 53
2.761851788422299 1.0 0.0 1.0 54
2.757841605759591 1.0 0.0 1.0 55
0.28677202928933687 1.0 4.0 1.0 56
4.643853920338014 1.0 5.0 1.0 57
4.0 1.7219322036553417 4.0 2.0 58
3.607089174560926 1.0 0.0 1.0 59
0.0 0.851386772083069 0.0 1.0 60
4.0 1.4583807569802403 4.0 1.0 61
0.7754329585832904 1.0 4.0 1.0 62
0.14058515086719744 1.0 4.0 1.0 63
3.9019578269632946 1.0 0.0 1.0 64
4.0 1.3134869143116639 4.0 1.0 65
4.0 1.100862135069711 4.0 2.0 66
0.0 0.4997805849101435 0.0 1.0 67
4.0 1.201926225914422 4.0 1.0 68
4.0 0.5657584896578892 4.0 1.0 69
4.406913859252319 1.0 4.0 1.0 70
0.0 0.6004034839888764 0.0 1.0 71
0.0 1.3855605354226892 0.0 1.0 72
4.0 1.6133647906575783 4.0 1.0 73
0.0 0.20352299203363064 0.0 1.0 74
4.0 0.21376323149520282 4.0 1.0 75
4.0 1.83275410760956 4.0 1.0 76
4.813824001831103 1.0 4.0 1.0 77
0.0 0.0 0.0 1.0 78
4.0 2.0 4.0 1.0 79
*** t = 45
0.9094920870342641 1.0 0.0 1.0 1
3.9473515876216587 1.0 4.0 1.0 4
3.848845974895757 1.0 4.0 1.0 6
3.64493871351604 1.0 4.0 1.0 7
0.08155733462356313 1.0 0.0 1.0 9
0.0 1.9977441554569808 0.0 2.0 10
3.1612545948324384 1.0 4.0 1.0 11
1.193757566713983 1.0 0.0 1.0 19
2.0015193617204394 1.0 4.0 1.0 24
3.023248424410975 1.0 0.0 1.0 25
1.0024340104928786 1.0 0.0 1.0 26
2.3667270311019353 1.0 0.0 1.0 28
1.091537020365731 1.0 0.0 1.0 31
1.778653452735468 1.0 4.0 1.0 34
1.0934946387769964 1.0 0.0 1.0 36
2.1961842381241437 1.0 0.0 1.0 39
0.0 1.596647270688587 0.0 2.0 40
2.59149556148595 1.0 0.0 1.0 41
2.8368057488277594 1.0 0.0 1.0 46
1.6539764526861331 1.0 0.0 1.0 47
2.824799663510171 1.0 0.0 1.0 48
0.6446477343939412 1.0 4.0 1.0 49
0.385431615869427 1.0 4.0 1.0 51
1.5855325838550618 1.0 4.0 1.0 52
2.9052095018070188 1.0 0.0 1.0 53
2.601984059023892 1.0 0.0 1.0 54
2.597687434742419 1.0 0.0 1.0 55
0.3940030317301149 1.0 4.0 1.0 56
4.780841747032849 1.0 5.0 1.0 57
4.0 1.8784714948967365 4.0 2.0 58
3.4804609177028283 1.0 0.0 1.0 59
0.0 0.9365254492913759 0.0 1.0 60
4.0 1.4042188326782643 4.0 1.0 61
0.9727032873147671 1.0 4.0 1.0 62
0.2831582947255971 1.0 4.0 1.0 63
3.7647025553337063 1.0 0.0 1.0 64
4.0 1.2276727786006219 4.0 1.0 65
4.0 1.2384699019534247 4.0 2.0 66
0.0 0.5830773490618341 0.0 1.0 67
4.0 1.0689139302334925 4.0 1.0 68
4.0 0.6789101875894671 4.0 1.0 69
4.288296631102783 1.0 4.0 1.0 70
0.0 0.7505043549860956 0.0 1.0 71
0.0 1.2319506692783615 0.0 1.0 72
4.0 1.516705988321973 4.0 1.0 73
0.0 0.30528448805044595 0.0 1.0 74
4.0 0.32064484724280423 4.0 1.0 75
4.0 1.7491311614143399 4.0 1.0 76
4.720736002746654 1.0 4.0 1.0 77
0.0 0.1340925266984313 0.0 1.0 78
4.0 1.8239789211316257 4.0 1.0 79
0.0 2.0 0.0 1.0 80
4.0 0.0 4.0 1.0 81
5.0 1.0 4.0 1.0 82
*** t = 46
0.814363996035061 1.0 0.0 1.0 1
4.0 0.9319813004851302 4.0 0.0 4
3.9700671242681507 1.0 4.0 1.0 6
3.7640397061702973 1.0 4.0 1.0 7
0.0 1.0445565798732686 0.0 2.0 9
3.273720935233315 1.0 4.0 1.0 11
1.078416886917437 1.0 0.0 1.0 19
2.1015700071111207 1.0 4.0 1.0 24
2.957356705224674 1.0 0.0 1.0 25
0.8691818108426412 1.0 0.0 1.0 26
2.2759245149330365 1.0 0.0 1.0 28
0.9467791322311284 1.0 0.0 1.0 31
1.8897995908448868 1.0 4.0 1.0 34
0.9307235820593711 1.0 0.0 1.0 36
2.0742792049991063 1.0 0.0 1.0 39
0.0 1.6726780931023293 0.0 2.0 40
2.476804873937662 1.0 0.0 1.0 41
2.722953419818694 1.0 0.0 1.0 46
1.4680862556131407 1.0 0.0 1.0 47
2.7039552003718472 1.0 0.0 1.0 48
0.7413917187700554 1.0 4.0 1.0 49
0.4777937235940554 1.0 4.0 1.0 51
1.7579014227787326 1.0 4.0 1.0 52
2.7655568019274868 1.0 0.0 1.0 53
2.4421163296254846 1.0 0.0 1.0 54
2.437533263725247 1.0 0.0 1.0 55
0.501234034170893 1.0 4.0 1.0 56
4.917829573727683 1.0 5.0 1.0 57
3.3538326608447306 1.0 0.0 1.0 59
0.0 1.0216641264996829 0.0 2.0 60
4.0 1.3500569083762883 4.0 1.0 61
1.1699736160462437 1.0 4.0 1.0 62
0.42573143858399676 1.0 4.0 1.0 63
3.627447283704118 1.0 0.0 1.0 64
4.0 1.1418586428895798 4.0 1.0 65
4.0 1.3760776688371383 4.0 2.0 66
0.0 0.6663741132135247 0.0 1.0 67
3.935901634552563 1.0 0.0 1.0 68
4.0 0.792061885521045 4.0 1.0 69
4.169679402953247 1.0 4.0 1.0 70
0.0 0.9006052259833147 0.0 1.0 71
0.0 1.0783408031340338 0.0 1.0 72
4.0 1.4200471859863675 4.0 1.0 73
0.0 0.4070459840672613 0.0 1.0 74
4.0 0.42752646299040564 4.0 1.0 75
4.0 1.6655082152191198 4.0 1.0 76
4.627648003662205 1.0 4.0 1.0 77
0.0 0.2681850533968626 0.0 1.0 78
4.0 1.6479578422632515 4.0 1.0 79
0.0 1.839823691973484 0.0 1.0 80
4.0 0.07509225358235709 4.0 1.0 81
4.837076011899947 1.0 4.0 1.0 82
0.0 0.0 0.0 1.0 83
4.0 2.0 4.0 1.0 84
*** t = 47
0.719235905035858 1.0 0.0 1.0 1
4.0 0.8113141885919191 4.0 0.0 4
4.0912882736405445 1.0 5.0 1.0 6
3.8831406988245547 1.0 4.0 1.0 7
0.0 1.1706704943701003 0.0 2.0 9
3.386187275634192 1.0 4.0 1.0 11
0.963076207120891 1.0 0.0 1.0 19
2.201620652501802 1.0 4.0 1.0 24
2.891464986038373 1.0 0.0 1.0 25
0.7359296111924039 1.0 0.0 1.0 26
2.1851219987641377 1.0 0.0 1.0 28
0.8020212440965258 1.0 0.0 1.0 31
2.0009457289543056 1.0 4.0 1.0 34
0.7679525253417459 1.0 0.0 1.0 36
1.9523741718740693 1.0 0.0 1.0 39
0.0 1.7487089155160715 0.0 2.0 40
2.3621141863893738 1.0 0.0 1.0 41
2.6091010908096286 1.0 0.0 1.0 46
1.2821960585401482 1.0 0.0 1.0 47
2.5831107372335236 1.0 0.0 1.0 48
0.8381357031461696 1.0 4.0 1.0 49
0.5701558313186839 1.0 4.0 1.0 51
1.9302702617024035 1.0 4.0 1.0 52
2.6259041020479548 1.0 0.0 1.0 53
2.2822486002270774 1.0 0.0 1.0 54
2.2773790927080753 1.0 0.0 1.0 55
0.6084650366116711 1.0 4.0 1.0 56
3.227204403986633 1.0 0.0 1.0 59
0.0 1.1068028037079898 0.0 2.0 60
4.0 1.2958949840743124 4.0 1.0 61
1.3672439447777203 1.0 4.0 1.0 62
0.5683045824423965 1.0 4.0 1.0 63
3.49019201207453 1.0 0.0 1.0 64
4.0 1.0560445071785378 4.0 1.0 65
4.0 1.513685435720852 4.0 2.0 66
0.0 0.7496708773652153 0.0 1.0 67
3.8028893388716334 1.0 0.0 1.0 68
4.0 0.9052135834526228 4.0 1.0 69
4.051062174803711 1.0 4.0 1.0 70
0.0 1.0507060969805337 0.0 2.0 71
0.07526906301029393 1.0 4.0 1.0 72
4.0 1.323388383650762 4.0 1.0 73
0.0 0.5088074800840766 0.0 1.0 74
4.0 0.534408078738007 4.0 1.0 75
4.0 1.5818852690238998 4.0 1.0 76
4.534560004577757 1.0 4.0 1.0 77
0.0 0.4022775800952939 0.0 1.0 78
4.0 1.4719367633948772 4.0 1.0 79
0.0 1.679647383946968 0.0 1.0 80
4.0 0.15018450716471418 4.0 1.0 81
4.674152023799895 1.0 4.0 1.0 82
0.0 0.0961500635382523 0.0 1.0 83
4.0 1.9170123615001673 4.0 1.0 84
*** t = 48
0.6241078140366549 1.0 0.0 1.0 1
4.0 0.690647076698708 4.0 0.0 4
4.212509423012938 1.0 5.0 1.0 6
4.0 1.0022416914788121 4.0 2.0 7
0.0 1.296784408866932 0.0 2.0 9
3.4986536160350687 1.0 4.0 1.0 11
0.847735527324345 1.0 0.0 1.0 19
2.3016712978924834 1.0 4.0 1.0 24
2.8255732668520723 1.0 0.0 1.0 25
0.6026774115421665 1.0 0.0 1.0 26
2.094319482595239 1.0 0.0 1.0 28
0.6572633559619231 1.0 0.0 1.0 31
2.1120918670637243 1.0 4.0 1.0 34
0.6051814686241206 1.0 0.0 1.0 36
1.8304691387490322 1.0 0.0 1.0 39
0.0 1.8247397379298138 0.0 2.0 40
2.2474234988410857 1.0 0.0 1.0 41
2.495248761800563 1.0 0.0 1.0 46
1.0963058614671557 1.0 0.0 1.0 47
2.4622662740952 1.0 0.0 1.0 48
0.9348796875222838 1.0 4.0 1.0 49
0.6625179390433124 1.0 4.0 1.0 51
2.102639100626074 1.0 4.0 1.0 52
2.4862514021684228 1.0 0.0 1.0 53
2.12238087082867 1.0 0.0 1.0 54
2.1172249216909034 1.0 0.0 1.0 55
0.7156960390524492 1.0 4.0 1.0 56
3.1005761471285354 1.0 0.0 1.0 59
0.0 1.1919414809162967 0.0 2.0 60
4.0 1.2417330597723364 4.0 1.0 61
1.564514273509197 1.0 4.0 1.0 62
0.7108777263007962 1.0 4.0 1.0 63
3.3529367404449415 1.0 0.0 1.0 64
4.029769628532504 1.0 5.0 1.0 65
4.0 1.6512932026045657 4.0 2.0 66
0.0 0.8329676415169059 0.0 1.0 67
3.669877043190704 1.0 0.0 1.0 68
4.018365281384201 1.0 5.0 1.0 69
3.932444946654175 1.0 0.0 1.0 70
0.0 1.2008069679777529 0.0 2.0 71
0.22887892915462166 1.0 4.0 1.0 72
4.0 1.2267295813151566 4.0 1.0 73
0.0 0.6105689761008919 0.0 1.0 74
4.0 0.6412896944856084 4.0 1.0 75
4.0 1.4982623228286798 4.0 1.0 76
4.441472005493308 1.0 4.0 1.0 77
0.0 0.5363701067937252 0.0 1.0 78
4.0 1.295915684526503 4.0 1.0 79
0.0 1.5194710759204522 0.0 1.0 80
4.0 0.22527676074707126 4.0 1.0 81
4.511228035699842 1.0 4.0 1.0 82
0.0 0.1923001270765046 0.0 1.0 83
4.0 1.8340247230003346 4.0 1.0 84
0.0 0.0 0.0 1.0 85
4.0 0.0 4.0 1.0 86
4.0 2.0 4.0 1.0 87
5.0 1.0 4.0 1.0 88
*** t = 49
0.5289797230374519 1.0 0.0 1.0 1
4.0 0.5699799648054968 4.0 0.0 4
4.333730572385332 1.0 5.0 1.0 6
4.0 1.1213426841330696 4.0 2.0 7
0.0 1.4228983233637638 0.0 2.0 9
3.6111199564359455 1.0 4.0 1.0 11
0.7323948475277989 1.0 0.0 1.0 19
2.4017219432831647 1.0 4.0 1.0 24
2.7596815476657715 1.0 0.0 1.0 25
0.46942521189192904 1.0 0.0 1.0 26
2.00351696642634 1.0 0.0 1.0 28
0.5125054678273204 1.0 0.0 1.0 31
2.223238005173143 1.0 4.0 1.0 34
0.4424104119064953 1.0 0.0 1.0 36
1.708564105623995 1.0 0.0 1.0 39
0.0 1.900770560343556 0.0 2.0 40
2.1327328112927977 1.0 0.0 1.0 41
2.381396432791498 1.0 0.0 1.0 46
0.9104156643941632 1.0 0.0 1.0 47
2.3414218109568763 1.0 0.0 1.0 48
1.031623671898398 1.0 4.0 1.0 49
0.7548800467679408 1.0 4.0 1.0 51
2.2750079395497447 1.0 4.0 1.0 52
2.346598702288891 1.0 0.0 1.0 53
1.962513141430263 1.0 0.0 1.0 54
1.9570707506737315 1.0 0.0 1.0 55
0.8229270414932273 1.0 4.0 1.0 56
2.9739478902704377 1.0 0.0 1.0 59
0.0 1.2770801581246036 0.0 2.0 60
4.0 1.1875711354703604 4.0 1.0 61
1.7617846022406738 1.0 4.0 1.0 62
0.8534508701591959 1.0 4.0 1.0 63
3.215681468815353 1.0 0.0 1.0 64
4.115583764243547 1.0 5.0 1.0 65
4.0 1.7889009694882794 4.0 2.0 66
0.0 0.9162644056685966 0.0 1.0 67
3.5368647475097745 1.0 0.0 1.0 68
4.131516979315778 1.0 5.0 1.0 69
3.8138277185046388 1.0 0.0 1.0 70
0.0 1.350907838974972 0.0 2.0 71
0.3824887952989494 1.0 4.0 1.0 72
4.0 1.1300707789795512 4.0 1.0 73
0.0 0.7123304721177072 0.0 1.0 74
4.0 0.7481713102332097 4.0 1.0 75
4.0 1.4146393766334597 4.0 1.0 76
4.3483840064088595 1.0 4.0 1.0 77
0.0 0.6704626334921565 0.0 1.0 78
4.0 1.1198946056581287 4.0 1.0 79
0.0 1.3592947678939362 0.0 1.0 80
4.0 0.30036901432942836 4.0 1.0 81
4.34830404759979 1.0 4.0 1.0 82
0.0 0.2884501906147569 0.0 1.0 83
4.0 1.7510370845005019 4.0 1.0 84
0.0 0.11577546336170792 0.0 1.0 85
4.0 0.12465037889658027 4.0 1.0 86
4.0 1.9498769972726795 4.0 1.0 87
4.8249087651244675 1.0 4.0 1.0 88
*** t = 50
0.4338516320382488 1.0 0.0 1.0 1
4.0 0.4493128529122857 4.0 0.0 4
4.454951721757726 1.0 5.0 1.0 6
4.0 1.240443676787327 4.0 2.0 7
0.0 1.5490122378605955 0.0 2.0 9
3.7235862968368223 1.0 4.0 1.0 11
0.6170541677312529 1.0 0.0 1.0 19
2.501772588673846 1.0 4.0 1.0 24
2.6937898284794706 1.0 0.0 1.0 25
0.3361730122416916 1.0 0.0 1.0 26
1.9127144502574414 1.0 0.0 1.0 28
0.36774757969271776 1.0 0.0 1.0 31
2.334384143282562 1.0 4.0 1.0 34
0.27963935518887006 1.0 0.0 1.0 36
1.586659072498958 1.0 0.0 1.0 39
0.0 1.9768013827572983 0.0 2.0 40
2.0180421237445096 1.0 0.0 1.0 41
2.2675441037824324 1.0 0.0 1.0 46
0.7245254673211707 1.0 0.0 1.0 47
2.2205773478185526 1.0 0.0 1.0 48
1.1283676562745122 1.0 4.0 1.0 49
0.8472421544925693 1.0 4.0 1.0 51
2.4473767784734153 1.0 4.0 1.0 52
2.206946002409359 1.0 0.0 1.0 53
1.8026454120318558 1.0 0.0 1.0 54
1.7969165796565596 1.0 0.0 1.0 55
0.9301580439340054 1.0 4.0 1.0 56
2.84731963341234 1.0 0.0 1.0 59
0.0 1.3622188353329105 0.0 2.0 60
4.0 1.1334092111683844 4.0 1.0 61
1.9590549309721506 1.0 4.0 1.0 62
0.9960240140175955 1.0 4.0 1.0 63
3.078426197185765 1.0 0.0 1.0 64
4.201397899954589 1.0 5.0 1.0 65
4.0 1.926508736371993 4.0 2.0 66
0.0 0.9995611698202872 0.0 1.0 67
3.403852451828845 1.0 0.0 1.0 68
4.244668677247356 1.0 5.0 1.0 69
3.6952104903551026 1.0 0.0 1.0 70
0.0 1.5010087099721912 0.0 2.0 71
0.5360986614432771 1.0 4.0 1.0 72
4.0 1.0334119766439458 4.0 1.0 73
0.0 0.8140919681345224 0.0 1.0 74
4.0 0.8550529259808111 4.0 1.0 75
4.0 1.3310164304382397 4.0 1.0 76
4.255296007324411 1.0 4.0 1.0 77
0.0 0.8045551601905878 0.0 1.0 78
4.0 0.9438735267897544 4.0 0.0 79
0.0 1.1991184598674203 0.0 1.0 80
4.0 0.37546126791178547 4.0 1.0 81
4.185380059499737 1.0 4.0 1.0 82
0.0 0.3846002541530092 0.0 1.0 83
4.0 1.6680494460006692 4.0 1.0 84
0.0 0.23155092672341585 0.0 1.0 85
4.0 0.24930075779316055 4.0 1.0 86
4.0 1.899753994545359 4.0 1.0 87
4.649817530248935 1.0 4.0 1.0 88
0.0 0.0 0.0 1.0 89
0.0 2.0 0.0 1.0 90
4.0 2.0 4.0 1.0 91
