*** t = 0
*** t = 1
*** t = 2
*** t = 3
*** t = 4
*** t = 5
*** t = 6
*** t = 7
*** t = 8
*** t = 9
*** t = 10
1.0 1.0 1.0 0.0 0
*** t = 11
1.0 0.8565940095904547 1.0 0.0 0
*** t = 12
1.0 0.7131880191809095 1.0 0.0 0
*** t = 13
1.0 0.5697820287713642 1.0 0.0 0
*** t = 14
1.0 0.4263760383618189 1.0 0.0 0
*** t = 15
1.0 0.28297004795227365 1.0 0.0 0
0.0 0.0 1.0 0.0 1
*** t = 16
1.0 0.13956405754272838 1.0 0.0 0
0.10348613173125985 0.0 1.0 0.0 1
2.0 0.0 1.0 0.0 2
*** t = 17
0.9961580671331831 0.0 0.0 0.0 0
0.2069722634625197 0.0 1.0 0.0 1
1.831609565994226 0.0 1.0 0.0 2
*** t = 18
0.8527520767236378 0.0 0.0 0.0 0
0.31045839519377955 0.0 1.0 0.0 1
1.663219131988452 0.0 1.0 0.0 2
*** t = 19
0.7093460863140926 0.0 0.0 0.0 0
0.4139445269250394 0.0 1.0 0.0 1
1.494828697982678 0.0 1.0 0.0 2
*** t = 20
0.5659400959045473 0.0 0.0 0.0 0
0.5174306586562992 0.0 1.0 0.0 1
1.326438263976904 0.0 1.0 0.0 2
1.0 1.0 1.0 0.0 3
*** t = 21
0.42253410549500203 0.0 0.0 0.0 0
0.6209167903875591 0.0 1.0 0.0 1
1.1580478299711299 0.0 1.0 0.0 2
1.0 0.8415192479147381 1.0 0.0 3
*** t = 22
0.27912811508545676 0.0 0.0 0.0 0
0.724402922118819 0.0 1.0 0.0 1
1.0 0.010342604034644182 1.0 1.0 2
1.0 0.6830384958294762 1.0 0.0 3
*** t = 23
0.1357221246759115 0.0 0.0 0.0 0
0.8278890538500788 0.0 1.0 0.0 1
1.0 0.17873303804041824 1.0 1.0 2
1.0 0.5245577437442143 1.0 0.0 3
*** t = 24
0.9313751855813387 0.0 1.0 0.0 1
1.0 0.3471234720461923 1.0 1.0 2
1.0 0.36607699165895236 1.0 0.0 3
*** t = 25
1.0348613173125984 0.0 2.0 0.0 1
1.0 0.5155139060519663 1.0 1.0 2
1.0 0.20759623957369047 1.0 0.0 3
*** t = 26
1.1383474490438583 0.0 2.0 0.0 1
1.0 0.6839043400577404 1.0 1.0 2
1.0 0.04911548748842859 1.0 0.0 3
*** t = 27
1.2418335807751182 0.0 2.0 0.0 1
1.0 0.8522947740635144 1.0 1.0 2
0.8906347354031667 0.0 0.0 0.0 3
*** t = 28
1.345319712506378 0.0 2.0 0.0 1
0.7321539833179048 0.0 0.0 0.0 3
*** t = 29
1.448805844237638 0.0 2.0 0.0 1
0.5736732312326429 0.0 0.0 0.0 3
*** t = 30
1.5522919759688978 0.0 2.0 0.0 1
0.415192479147381 0.0 0.0 0.0 3
1.0 1.0 1.0 0.0 4
0.0 0.0 1.0 0.0 5
*** t = 31
1.6557781077001577 0.0 2.0 0.0 1
0.2567117270621191 0.0 0.0 0.0 3
1.0 0.8690640739918775 1.0 0.0 4
0.157930926188808 0.0 1.0 0.0 5
*** t = 32
1.7592642394314175 0.0 2.0 0.0 1
0.0982309749768572 0.0 0.0 0.0 3
1.0 0.7381281479837549 1.0 0.0 4
0.315861852377616 0.0 1.0 0.0 5
2.0 0.0 1.0 0.0 6
*** t = 33
1.8627503711626774 0.0 2.0 0.0 1
1.0 0.6071922219756324 1.0 0.0 4
0.473792778566424 0.0 1.0 0.0 5
1.9216811882098739 0.0 1.0 0.0 6
*** t = 34
1.9662365028939373 0.0 2.0 0.0 1
1.0 0.47625629596750985 1.0 0.0 4
0.631723704755232 0.0 1.0 0.0 5
1.8433623764197478 0.0 1.0 0.0 6
*** t = 35
1.0 0.3453203699593873 1.0 0.0 4
0.78965463094404 0.0 1.0 0.0 5
1.7650435646296216 0.0 1.0 0.0 6
*** t = 36
1.0 0.21438444395126477 1.0 0.0 4
0.947585557132848 0.0 1.0 0.0 5
1.6867247528394955 0.0 1.0 0.0 6
*** t = 37
1.0 0.08344851794314223 1.0 0.0 4
1.0 0.10551648332165597 1.0 1.0 5
1.6084059410493694 0.0 1.0 0.0 6
*** t = 38
1.0474874080649803 0.0 2.0 0.0 4
1.0 0.26344740951046397 1.0 1.0 5
1.5300871292592433 0.0 1.0 0.0 6
*** t = 39
1.178423334073103 0.0 2.0 0.0 4
1.0 0.42137833569927197 1.0 1.0 5
1.4517683174691172 0.0 1.0 0.0 6
*** t = 40
1.3093592600812256 0.0 2.0 0.0 4
1.0 0.57930926188808 1.0 1.0 5
1.373449505678991 0.0 1.0 0.0 6
1.0 1.0 1.0 0.0 7
*** t = 41
1.4402951860893483 0.0 2.0 0.0 4
1.0 0.737240188076888 1.0 1.0 5
1.295130693888865 0.0 1.0 0.0 6
1.0 0.8981239719350559 1.0 0.0 7
*** t = 42
1.571231112097471 0.0 2.0 0.0 4
1.0 0.895171114265696 1.0 1.0 5
1.2168118820987388 0.0 1.0 0.0 6
1.0 0.7962479438701118 1.0 0.0 7
*** t = 43
1.7021670381055936 0.0 2.0 0.0 4
1.1384930703086127 0.0 1.0 0.0 6
1.0 0.6943719158051677 1.0 0.0 7
*** t = 44
1.8331029641137162 0.0 2.0 0.0 4
1.0601742585184866 0.0 1.0 0.0 6
1.0 0.5924958877402235 1.0 0.0 7
*** t = 45
1.9640388901218389 0.0 2.0 0.0 4
0.9818554467283604 0.0 0.0 0.0 6
1.0 0.49061985967527943 1.0 0.0 7
0.0 0.0 1.0 0.0 8
*** t = 46
0.9035366349382343 0.0 0.0 0.0 6
1.0 0.3887438316103353 1.0 0.0 7
0.12301348902310794 0.0 1.0 0.0 8
*** t = 47
0.8252178231481082 0.0 0.0 0.0 6
1.0 0.2868678035453912 1.0 0.0 7
0.24602697804621587 0.0 1.0 0.0 8
*** t = 48
0.7468990113579821 0.0 0.0 0.0 6
1.0 0.18499177548044712 1.0 0.0 7
0.3690404670693238 0.0 1.0 0.0 8
2.0 0.0 1.0 0.0 9
*** t = 49
0.668580199567856 0.0 0.0 0.0 6
1.0 0.08311574741550304 1.0 0.0 7
0.49205395609243174 0.0 1.0 0.0 8
1.880449217581877 0.0 1.0 0.0 9
*** t = 50
0.5902613877777299 0.0 0.0 0.0 6
1.0187602806494411 0.0 2.0 0.0 7
0.6150674451155397 0.0 1.0 0.0 8
1.760898435163754 0.0 1.0 0.0 9
1.0 1.0 1.0 0.0 10
